1 0.2567849686847599 0.103125 0.1524008350730689 0.10625
14 0.04592901878914405 0.1578125 0.08977035490605428 0.221875
1 0.031315240083507306 0.375 0.06263048016701461 0.109375
1 0.012526096033402923 0.5359375 0.025052192066805846 0.1078125
1 0.014613778705636743 0.884375 0.029227557411273485 0.1046875
1 0.11899791231732777 0.7359375 0.1419624217118998 0.090625
1 0.23173277661795408 0.6375 0.1419624217118998 0.1
1 0.47390396659707723 0.625 0.1419624217118998 0.1125
1 0.21711899791231734 0.871875 0.15657620041753653 0.103125
8 0.11064718162839249 0.953125 0.19624217118997914 0.09375
1 0.33611691022964507 0.9890625 0.13778705636743216 0.021875
1 0.5762004175365344 0.9546875 0.15031315240083507 0.090625
13 0.7536534446764092 0.965625 0.16910229645093947 0.06875
1 0.7181628392484343 0.73125 0.1315240083507307 0.103125
8 0.6638830897703549 0.490625 0.16075156576200417 0.1328125
12 0.33611691022964507 0.4234375 0.1732776617954071 0.1875
1 0.5949895615866388 0.3390625 0.1544885177453027 0.09375
1 0.8684759916492694 0.85 0.1419624217118998 0.1171875
1 0.9968684759916493 0.83125 0.006263048016701462 0.09375
16 0.7818371607515657 0.1859375 0.4363256784968685 0.225
1 0.9551148225469729 0.325 0.08977035490605428 0.1125
14 0.975991649269311 0.384375 0.04801670146137787 0.25