8 0.9248434237995825 0.371875 0.15031315240083507 0.109375
8 0.23173277661795408 0.8 0.15866388308977036 0.0953125
1 0.9853862212943633 0.9859375 0.029227557411273485 0.0265625
13 0.8204592901878914 0.69375 0.21711899791231734 0.2109375
8 0.9081419624217119 0.5578125 0.1732776617954071 0.096875
12 0.7348643006263048 0.4328125 0.22129436325678498 0.1875
1 0.4989561586638831 0.7046875 0.12943632567849686 0.0890625
1 0.3757828810020877 0.7953125 0.11064718162839249 0.0984375
1 0.35073068893528186 0.590625 0.13987473903966596 0.0953125
1 0.4613778705636743 0.4796875 0.12943632567849686 0.096875
1 0.453027139874739 0.3234375 0.10438413361169102 0.075
8 0.037578288100208766 0.725 0.07306889352818371 0.128125
1 0.8872651356993737 0.040625 0.09812108559498957 0.0796875
1 0.5553235908141962 0.0515625 0.11691022964509394 0.09375
1 0.6471816283924844 0.025 0.1315240083507307 0.05
1 0.9634655532359081 0.2796875 0.07306889352818371 0.09375
1 0.27139874739039666 0.2203125 0.11482254697286012 0.084375
1 0.2609603340292276 0.1 0.11899791231732777 0.084375
1 0.2651356993736952 0.0375 0.12108559498956159 0.075
1 0.3862212943632568 0.0515625 0.12317327766179541 0.1015625
1 0.20668058455114824 0.3453125 0.10438413361169102 0.084375
1 0.2839248434237996 0.4765625 0.10855949895615867 0.08125
1 0.18162839248434237 0.4671875 0.10020876826722339 0.1015625
1 0.06680584551148225 0.484375 0.11064718162839249 0.090625
1 0.060542797494780795 0.36875 0.11899791231732777 0.078125
1 0.04384133611691023 0.2640625 0.08768267223382047 0.0828125
12 0.06889352818371608 0.134375 0.13778705636743216 0.165625