8 0.06889352818371608 0.99375 0.13569937369519833 0.0109375
12 0.0020876826722338203 0.1890625 0.0041753653444676405 0.153125
1 0.04592901878914405 0.0265625 0.0918580375782881 0.053125
1 0.12734864300626306 0.040625 0.09812108559498957 0.0796875
1 0.4154488517745303 0.00625 0.10855949895615867 0.0109375
1 0.302713987473904 0.053125 0.12943632567849686 0.0953125
1 0.3569937369519833 0.13125 0.12526096033402923 0.084375
12 0.2045929018789144 0.8 0.302713987473904 0.1796875
8 0.2818371607515658 0.546875 0.2254697286012526 0.165625
1 0.47390396659707723 0.35 0.1419624217118998 0.1
8 0.4363256784968685 0.240625 0.14613778705636743 0.1234375
1 0.46764091858037576 0.1453125 0.12317327766179541 0.0578125
8 0.6576200417536534 0.290625 0.15866388308977036 0.1171875
1 0.7160751565762005 0.146875 0.1315240083507307 0.0875
14 0.5636743215031316 0.071875 0.1837160751565762 0.1421875
1 0.7536534446764092 0.0328125 0.12108559498956159 0.065625
17 0.6471816283924844 0.0046875 0.2755741127348643 0.009375
1 0.42171189979123175 0.9515625 0.1315240083507307 0.096875
1 0.55741127348643 0.984375 0.1419624217118998 0.03125
1 0.9081419624217119 0.9609375 0.1127348643006263 0.078125
8 0.8288100208768268 0.9953125 0.14822546972860126 0.0078125
8 0.9853862212943633 0.9625 0.029227557411273485 0.075
12 0.5615866388308977 0.821875 0.1837160751565762 0.1328125
1 0.8663883089770354 0.5453125 0.14822546972860126 0.10625
1 0.4780793319415449 0.6859375 0.1336116910229645 0.1
14 0.6910229645093946 0.6796875 0.29436325678496866 0.1703125
1 0.8100208768267223 0.8265625 0.12734864300626306 0.0953125
1 0.9446764091858038 0.82265625 0.11064718162839249 0.1015625
8 0.9801670146137788 0.6796875 0.03966597077244259 0.13125
8 0.8392484342379958 0.353125 0.14613778705636743 0.1296875
8 0.9405010438413361 0.303125 0.11899791231732777 0.096875