1 0.04384133611691023 0.80625 0.08559498956158663 0.1375
8 0.38413361169102295 0.74375 0.15866388308977036 0.1578125
12 0.6931106471816284 0.5671875 0.24425887265135698 0.19375
1 0.5156576200417536 0.9828125 0.1649269311064718 0.034375
1 0.4906054279749478 0.8859375 0.1544885177453027 0.109375
1 0.8225469728601252 0.9015625 0.1440501043841336 0.1109375
1 0.5281837160751566 0.26875 0.162839248434238 0.1171875
13 0.27139874739039666 0.44375 0.4112734864300626 0.3109375
8 0.2818371607515658 0.0953125 0.1524008350730689 0.0984375
1 0.42171189979123175 0.1171875 0.11691022964509394 0.103125
1 0.5553235908141962 0.096875 0.11482254697286012 0.0953125
1 0.7974947807933194 0.16875 0.15657620041753653 0.090625
1 0.6743215031315241 0.0671875 0.13987473903966596 0.0859375
1 0.6012526096033403 0.0125 0.15866388308977036 0.025
8 0.9488517745302714 0.2828125 0.1022964509394572 0.140625
17 0.930062630480167 0.52265625 0.13987473903966596 0.2703125