1 0.18580375782881003 0.05 0.1440501043841336 0.0984375
8 0.07724425887265135 0.9921875 0.09812108559498957 0.015625
8 0.2797494780793319 0.8890625 0.19206680584551147 0.0921875
1 0.0020876826722338203 0.690625 0.0020876826722338203 0.0984375
8 0.3235908141962422 0.5109375 0.14613778705636743 0.1265625
14 0.40501043841336115 0.109375 0.267223382045929 0.121875
1 0.6430062630480167 0.2234375 0.13569937369519833 0.10625
8 0.6492693110647182 0.0828125 0.23799582463465555 0.1296875
8 0.9039665970772442 0.053125 0.10855949895615867 0.1046875
8 0.9989561586638831 0.19375 0.0020876826722338203 0.171875
2 0.9091858037578288 0.528125 0.18162839248434237 0.334375
8 0.651356993736952 0.546875 0.21711899791231734 0.128125
17 0.860125260960334 0.928125 0.2797494780793319 0.1421875
1 0.44258872651356995 0.9671875 0.12317327766179541 0.065625
13 0.03966597077244259 0.8890625 0.07933194154488518 0.16875
13 0.6680584551148225 0.8078125 0.17118997912317327 0.2
7 0.31524008350730687 0.7171875 0.5260960334029228 0.2703125