8 0.022964509394572025 0.240625 0.04592901878914405 0.1234375
1 0.020876826722338204 0.0765625 0.04175365344467641 0.090625
8 0.15657620041753653 0.065625 0.14822546972860126 0.13125
12 0.014613778705636743 0.9578125 0.029227557411273485 0.0828125
1 0.13778705636743216 0.715625 0.1419624217118998 0.103125
1 0.6847599164926931 0.215625 0.1524008350730689 0.109375
1 0.27348643006263046 0.996875 0.12734864300626306 0.0046875
1 0.32150313152400833 0.95 0.14613778705636743 0.0890625
12 0.31941544885177453 0.840625 0.2045929018789144 0.13125
1 0.7578288100208769 0.8015625 0.16075156576200417 0.1046875
1 0.7432150313152401 0.8984375 0.1440501043841336 0.0890625
8 0.7536534446764092 0.9609375 0.16075156576200417 0.0765625
8 0.5323590814196242 0.76875 0.18580375782881003 0.15
1 0.5260960334029228 0.6421875 0.12734864300626306 0.1
1 0.2985386221294363 0.671875 0.12734864300626306 0.1046875
1 0.40083507306889354 0.6578125 0.11064718162839249 0.0890625
1 0.6826722338204593 0.21875 0.14822546972860126 0.109375
1 0.44258872651356995 0.3796875 0.12734864300626306 0.084375
1 0.5678496868475992 0.48125 0.12317327766179541 0.0875
1 0.5156576200417536 0.44375 0.1127348643006263 0.0703125
1 0.3966597077244259 0.5078125 0.11482254697286012 0.0703125
1 0.38413361169102295 0.5640625 0.11691022964509394 0.071875
1 0.48851774530271397 0.546875 0.12108559498956159 0.078125
1 0.24217118997912318 0.5453125 0.11482254697286012 0.08125
8 0.2797494780793319 0.475 0.12526096033402923 0.0828125
13 0.23799582463465555 0.359375 0.2359081419624217 0.1140625
1 0.162839248434238 0.4359375 0.11691022964509394 0.0828125
1 0.9227557411273486 0.440625 0.13987473903966596 0.1171875
1 0.975991649269311 0.72421875 0.04801670146137787 0.1140625
1 0.3444676409185804 0.0265625 0.17954070981210857 0.053125
1 0.3674321503131524 0.1140625 0.13987473903966596 0.084375
12 0.5156576200417536 0.065625 0.18789144050104384 0.13125