1 0.7286012526096033 0.74375 0.17954070981210857 0.121875
1 0.9561586638830898 0.5375 0.08768267223382047 0.10625
1 0.965553235908142 0.4046875 0.06889352818371608 0.103125
1 0.36116910229645094 0.9484375 0.16701461377870563 0.103125
8 0.05219206680584551 0.9828125 0.1022964509394572 0.0328125
1 0.9613778705636743 0.90078125 0.07724425887265135 0.0921875
1 0.9311064718162839 0.9609375 0.13569937369519833 0.0671875
1 0.9394572025052192 0.9921875 0.1127348643006263 0.015625
15 0.7620041753653445 0.325 0.24634655532359082 0.2296875
1 0.25052192066805845 0.3734375 0.1315240083507307 0.096875
1 0.11482254697286012 0.378125 0.1315240083507307 0.1015625
1 0.8392484342379958 0.0515625 0.13569937369519833 0.0953125
12 0.012526096033402923 0.265625 0.022964509394572025 0.103125
8 0.0709812108559499 0.2515625 0.12734864300626306 0.1109375
12 0.1127348643006263 0.1765625 0.22338204592901878 0.078125
8 0.0041753653444676405 0.046875 0.008350730688935281 0.09375
1 0.025052192066805846 0.1140625 0.05010438413361169 0.046875
8 0.06680584551148225 0.0609375 0.10855949895615867 0.09375
8 0.16075156576200417 0.0125 0.13987473903966596 0.025
12 0.2797494780793319 0.0234375 0.1315240083507307 0.046875
1 0.6910229645093946 0.0125 0.10855949895615867 0.025
12 0.9624217118997912 0.0015625 0.07515657620041753 0.003125