12 0.9853862212943633 0.446875 0.029227557411273485 0.15625
1 0.8663883089770354 0.575 0.18162839248434237 0.1375
8 0.9551148225469729 0.075 0.08977035490605428 0.15
1 0.7369519832985386 0.1796875 0.1941544885177453 0.1421875
8 0.4384133611691023 0.1171875 0.22129436325678498 0.234375
8 0.15031315240083507 0.1140625 0.29436325678496866 0.2265625
1 0.5469728601252609 0.26875 0.1649269311064718 0.1296875
8 0.6826722338204593 0.425 0.27139874739039666 0.1921875
12 0.3966597077244259 0.4796875 0.2839248434237996 0.1703125
1 0.5469728601252609 0.6015625 0.17745302713987474 0.134375
1 0.34029227557411273 0.696875 0.20876826722338204 0.1484375
1 0.12108559498956159 0.5296875 0.20668058455114824 0.140625
1 0.12108559498956159 0.6578125 0.17954070981210857 0.1078125
1 0.081419624217119 0.784375 0.16075156576200417 0.1203125
1 0.5260960334029228 0.85625 0.17118997912317327 0.1359375
1 0.42171189979123175 0.953125 0.18997912317327767 0.09375
1 0.06889352818371608 0.9265625 0.13569937369519833 0.1234375
1 0.07515657620041753 0.996875 0.15031315240083507 0.0046875