1 0.09394572025052192 0.496875 0.18789144050104384 0.1625
1 0.4175365344467641 0.8671875 0.22755741127348644 0.178125
1 0.6638830897703549 0.86875 0.19832985386221294 0.15625
8 0.10438413361169102 0.9671875 0.20668058455114824 0.065625
8 0.022964509394572025 0.8625 0.04384133611691023 0.19375
1 0.8914405010438413 0.4703125 0.21085594989561587 0.15625
1 0.9592901878914405 0.27734375 0.081419624217119 0.1390625
16 0.17118997912317327 0.0703125 0.34029227557411273 0.140625
12 0.6617954070981211 0.0328125 0.23382045929018788 0.065625
1 0.6722338204592901 0.21875 0.20668058455114824 0.13125
8 0.8016701461377871 0.1453125 0.21085594989561587 0.1359375
18 0.9405010438413361 0.10703125 0.11899791231732777 0.2140625