14 0.9436325678496869 0.1265625 0.1127348643006263 0.2421875
1 0.9133611691022965 0.53671875 0.1732776617954071 0.1515625
1 0.5908141962421712 0.7359375 0.22755741127348644 0.1671875
1 0.9822546972860126 0.8921875 0.03549060542797495 0.09375
8 0.975991649269311 0.96328125 0.04801670146137787 0.0703125
8 0.7306889352818372 0.9265625 0.23173277661795408 0.1234375
1 0.012526096033402923 0.9140625 0.022964509394572025 0.1125
1 0.05219206680584551 0.98125 0.10438413361169102 0.0359375
1 0.12943632567849686 0.953125 0.13778705636743216 0.0921875
8 0.09394572025052192 0.8125 0.18789144050104384 0.1625
8 0.2609603340292276 0.8109375 0.17745302713987474 0.171875
1 0.03549060542797495 0.278125 0.0709812108559499 0.1421875
1 0.008350730688935281 0.125 0.014613778705636743 0.0921875
1 0.35908141962421714 0.1890625 0.11899791231732777 0.1140625
1 0.5135699373695198 0.1796875 0.162839248434238 0.1328125
12 0.031315240083507306 0.01875 0.060542797494780795 0.0359375
1 0.037578288100208766 0.0671875 0.07306889352818371 0.0875
8 0.13569937369519833 0.0640625 0.12317327766179541 0.1203125
12 0.2964509394572025 0.05625 0.19832985386221294 0.1109375
12 0.3757828810020877 0.0078125 0.22964509394572025 0.015625