1 0.2150313152400835 0.953125 0.17954070981210857 0.0921875
1 0.8455114822546973 0.9125 0.1649269311064718 0.13125
1 0.6638830897703549 0.9453125 0.16910229645093947 0.109375
1 0.5073068893528184 0.871875 0.1315240083507307 0.1078125
1 0.37995824634655534 0.8578125 0.162839248434238 0.109375
17 0.081419624217119 0.946875 0.16075156576200417 0.10625
2 0.012526096033402923 0.703125 0.022964509394572025 0.190625
8 0.008350730688935281 0.8390625 0.016701461377870562 0.128125
12 0.08977035490605428 0.6328125 0.14613778705636743 0.2109375
1 0.014613778705636743 0.4671875 0.029227557411273485 0.1171875
1 0.020876826722338204 0.5984375 0.04175365344467641 0.08125
1 0.453027139874739 0.396875 0.18789144050104384 0.125
1 0.49269311064718163 0.53125 0.13778705636743216 0.13125
1 0.6200417536534447 0.5015625 0.1419624217118998 0.1375
8 0.6847599164926931 0.7890625 0.1732776617954071 0.18125
8 0.9321503131524008 0.78046875 0.13569937369519833 0.1453125
1 0.2546972860125261 0.7390625 0.1440501043841336 0.115625
1 0.407098121085595 0.7375 0.10438413361169102 0.1
8 0.33820459290187893 0.6296875 0.23382045929018788 0.115625
8 0.524008350730689 0.7109375 0.13569937369519833 0.1390625
1 0.8288100208768268 0.6265625 0.13778705636743216 0.128125
1 0.8789144050104384 0.5109375 0.1649269311064718 0.1328125
8 0.94258872651357 0.56484375 0.11482254697286012 0.1390625