8 0.9968684759916493 0.94609375 0.006263048016701462 0.1046875
1 0.35073068893528186 0.909375 0.12734864300626306 0.13125
16 0.7515657620041754 0.9140625 0.36325678496868474 0.1703125
1 0.5762004175365344 0.4890625 0.14613778705636743 0.1125
1 0.3883089770354906 0.5203125 0.1127348643006263 0.0921875
1 0.5594989561586639 0.3234375 0.1419624217118998 0.109375
1 0.46555323590814196 0.19375 0.1315240083507307 0.0921875
1 0.31524008350730687 0.1046875 0.10855949895615867 0.0921875
1 0.48643006263048016 0.01875 0.13778705636743216 0.0359375
8 0.42588726513569936 0.0671875 0.1649269311064718 0.1015625
1 0.4572025052192067 0.6453125 0.12734864300626306 0.0984375
8 0.38413361169102295 0.740625 0.1315240083507307 0.134375
12 0.5052192066805845 0.8234375 0.13569937369519833 0.1984375
1 0.3569937369519833 0.396875 0.1127348643006263 0.078125
8 0.9780793319415448 0.08203125 0.04384133611691023 0.1640625
8 0.06889352818371608 0.003125 0.13569937369519833 0.0046875
15 0.24008350730688935 0.2625 0.1837160751565762 0.2375
1 0.2797494780793319 0.009375 0.12317327766179541 0.01875