8 0.0041753653444676405 0.421875 0.006263048016701462 0.15625
1 0.9457202505219207 0.2234375 0.10855949895615867 0.1703125
1 0.930062630480167 0.37265625 0.13987473903966596 0.1421875
1 0.6304801670146137 0.43125 0.21294363256784968 0.159375
1 0.4196242171189979 0.4875 0.1941544885177453 0.1265625
1 0.4133611691022965 0.6125 0.15657620041753653 0.109375
1 0.2609603340292276 0.5890625 0.15657620041753653 0.1171875
1 0.08768267223382047 0.6265625 0.13569937369519833 0.1125
1 0.6221294363256785 0.7484375 0.2359081419624217 0.15625
1 0.7828810020876826 0.9671875 0.18162839248434237 0.0640625
8 0.5866388308977035 0.94375 0.22129436325678498 0.1109375
1 0.7265135699373695 0.8671875 0.19832985386221294 0.1078125
8 0.348643006263048 0.7703125 0.1524008350730689 0.184375
12 0.1837160751565762 0.7546875 0.17118997912317327 0.1953125
13 0.022964509394572025 0.6296875 0.04592901878914405 0.2390625
13 0.35490605427974947 0.9359375 0.2254697286012526 0.1265625
8 0.15866388308977036 0.9359375 0.1524008350730689 0.1265625
8 0.07933194154488518 0.840625 0.15657620041753653 0.1640625
13 0.06263048016701461 0.16875 0.12526096033402923 0.3359375