8 0.0020876826722338203 0.0203125 0.0041753653444676405 0.0390625
8 0.07515657620041753 0.0640625 0.14822546972860126 0.128125
1 0.2045929018789144 0.0078125 0.15866388308977036 0.015625
1 0.09394572025052192 0.221875 0.1440501043841336 0.090625
12 0.13778705636743216 0.3359375 0.22129436325678498 0.1890625
1 0.3444676409185804 0.26875 0.16075156576200417 0.1171875
8 0.407098121085595 0.4296875 0.12734864300626306 0.13125
13 0.5553235908141962 0.5125 0.20250521920668058 0.265625
8 0.22755741127348644 0.5328125 0.12526096033402923 0.125
1 0.36116910229645094 0.55 0.12734864300626306 0.0921875
1 0.3089770354906054 0.715625 0.10438413361169102 0.0953125
1 0.34029227557411273 0.634375 0.12526096033402923 0.0796875
1 0.430062630480167 0.671875 0.13569937369519833 0.1
8 0.5031315240083507 0.796875 0.2045929018789144 0.1484375
12 0.5469728601252609 0.93125 0.23382045929018788 0.1375
1 0.32150313152400833 0.93125 0.15866388308977036 0.1359375
8 0.025052192066805846 0.515625 0.04801670146137787 0.096875
1 0.020876826722338204 0.5859375 0.04175365344467641 0.075
13 0.16075156576200417 0.728125 0.19832985386221294 0.1328125
8 0.12108559498956159 0.615625 0.12317327766179541 0.084375
1 0.020876826722338204 0.76875 0.03966597077244259 0.0796875
13 0.033402922755741124 0.6640625 0.06471816283924843 0.096875
8 0.04175365344467641 0.875 0.081419624217119 0.1078125
1 0.162839248434238 0.8453125 0.12734864300626306 0.0859375
1 0.03549060542797495 0.9671875 0.0709812108559499 0.0640625