1 0.9331941544885177 0.9734375 0.11064718162839249 0.053125
15 0.6555323590814196 0.9109375 0.33402922755741127 0.178125
14 0.2776617954070981 0.8109375 0.34029227557411273 0.2140625
1 0.17118997912317327 0.5953125 0.1440501043841336 0.1
13 0.791231732776618 0.353125 0.17745302713987474 0.146875
8 0.10855949895615867 0.0359375 0.1419624217118998 0.0703125
13 0.08977035490605428 0.1703125 0.17954070981210857 0.203125
8 0.25052192066805845 0.4828125 0.162839248434238 0.1
8 0.3569937369519833 0.409375 0.18789144050104384 0.096875
8 0.1440501043841336 0.396875 0.14613778705636743 0.1015625
8 0.3298538622129436 0.2734375 0.19624217118997914 0.146875
8 0.32150313152400833 0.1296875 0.1544885177453027 0.14375
8 0.6221294363256785 0.2828125 0.09812108559498957 0.1140625
8 0.732776617954071 0.2265625 0.20876826722338204 0.1328125
13 0.511482254697286 0.2015625 0.16910229645093947 0.1703125