1 0.6847599164926931 0.96875 0.24217118997912318 0.0625
1 0.6555323590814196 0.44375 0.20250521920668058 0.165625
1 0.21294363256784968 0.74375 0.2150313152400835 0.1875
1 0.9958246346555324 0.31875 0.008350730688935281 0.1890625
12 0.18162839248434237 0.4625 0.36325678496868474 0.290625
1 0.06263048016701461 0.2140625 0.12317327766179541 0.1375
1 0.05010438413361169 0.8 0.09812108559498957 0.134375
13 0.012526096033402923 0.925 0.022964509394572025 0.1484375
8 0.37995824634655534 0.959375 0.2755741127348643 0.08125
1 0.9091858037578288 0.28359375 0.18162839248434237 0.1546875
1 0.7933194154488518 0.165625 0.20876826722338204 0.146875
1 0.7118997912317327 0.046875 0.22338204592901878 0.0921875
1 0.3778705636743215 0.05625 0.20668058455114824 0.1109375
1 0.09394572025052192 0.028125 0.18580375782881003 0.0546875