1 0.027139874739039668 0.465625 0.054279749478079335 0.1328125
13 0.0709812108559499 0.7234375 0.13987473903966596 0.28125
1 0.0041753653444676405 0.984375 0.008350730688935281 0.03125
12 0.31524008350730687 0.98125 0.4154488517745303 0.0375
15 0.9112734864300627 0.86796875 0.17745302713987474 0.2609375
1 0.4572025052192067 0.865625 0.20041753653444677 0.14375
1 0.6868475991649269 0.7609375 0.18997912317327767 0.134375
1 0.8455114822546973 0.6578125 0.18789144050104384 0.1421875
1 0.6242171189979123 0.5859375 0.2045929018789144 0.1625
1 0.7682672233820459 0.4609375 0.20876826722338204 0.134375
1 0.9467640918580376 0.42421875 0.10647181628392484 0.1421875
1 0.6680584551148225 0.2125 0.20876826722338204 0.1453125
1 0.24634655532359082 0.046875 0.15866388308977036 0.0921875
1 0.25052192066805845 0.15625 0.18789144050104384 0.1359375
12 0.07306889352818371 0.21875 0.1440501043841336 0.2
1 0.6409185803757829 0.05 0.19624217118997914 0.0984375
1 0.44258872651356995 0.0171875 0.18789144050104384 0.0328125
8 0.9780793319415448 0.04765625 0.04384133611691023 0.0953125