1 0.08350730688935282 0.0609375 0.15866388308977036 0.121875
1 0.04801670146137787 0.23125 0.09394572025052192 0.121875
1 0.05010438413361169 0.3828125 0.10020876826722339 0.11875
12 0.24425887265135698 0.5875 0.22964509394572025 0.19375
12 0.4822546972860125 0.5328125 0.2254697286012526 0.1890625
1 0.14822546972860126 0.8265625 0.13987473903966596 0.0984375
1 0.4592901878914405 0.871875 0.16701461377870563 0.0875
1 0.9728601252609603 0.6203125 0.054279749478079335 0.0921875
1 0.8810020876826722 0.6453125 0.11691022964509394 0.0828125
14 0.8674321503131524 0.52578125 0.2651356993736952 0.1453125
1 0.9488517745302714 0.44375 0.1022964509394572 0.103125
1 0.6951983298538622 0.3140625 0.1336116910229645 0.121875
1 0.824634655532359 0.3453125 0.1336116910229645 0.121875
1 0.7244258872651357 0.175 0.13987473903966596 0.1140625
8 0.7640918580375783 0.0703125 0.18997912317327767 0.1015625
1 0.8434237995824635 0.165625 0.12526096033402923 0.1078125
12 0.9269311064718163 0.059375 0.14613778705636743 0.11875
12 0.8789144050104384 0.00625 0.24217118997912318 0.0125