1 0.06889352818371608 0.5046875 0.1315240083507307 0.121875
1 0.05845511482254697 0.725 0.11691022964509394 0.1140625
8 0.1440501043841336 0.9875 0.15031315240083507 0.0234375
1 0.29436325678496866 0.99375 0.12943632567849686 0.0125
1 0.15866388308977036 0.884375 0.10020876826722339 0.08125
1 0.26931106471816285 0.8515625 0.11064718162839249 0.0796875
1 0.24217118997912318 0.9359375 0.12734864300626306 0.0734375
8 0.3987473903966597 0.9265625 0.1544885177453027 0.0984375
1 0.46764091858037576 0.8796875 0.12108559498956159 0.0828125
1 0.524008350730689 0.828125 0.14613778705636743 0.084375
1 0.5782881002087683 0.7140625 0.1127348643006263 0.0828125
1 0.46346555323590816 0.71875 0.1022964509394572 0.0875
8 0.3048016701461378 0.671875 0.19206680584551147 0.1328125
8 0.4592901878914405 0.58125 0.13569937369519833 0.1125
1 0.29018789144050106 0.5265625 0.1419624217118998 0.1046875
1 0.3966597077244259 0.4265625 0.12317327766179541 0.08125
8 0.4801670146137787 0.471875 0.1732776617954071 0.1078125
1 0.6179540709812108 0.4453125 0.12943632567849686 0.0890625
1 0.3653444676409186 0.321875 0.12734864300626306 0.096875
8 0.7954070981210856 0.296875 0.16910229645093947 0.1453125
1 0.55741127348643 0.3546875 0.11691022964509394 0.0734375
14 0.5469728601252609 0.24375 0.18997912317327767 0.1203125
1 0.5720250521920668 0.14375 0.13569937369519833 0.078125
1 0.430062630480167 0.1296875 0.12943632567849686 0.090625
8 0.16701461377870563 0.0125 0.16701461377870563 0.025
8 0.5741127348643006 0.0296875 0.13778705636743216 0.059375
13 0.7014613778705637 0.0484375 0.162839248434238 0.0953125