8 0.824634655532359 0.7671875 0.18789144050104384 0.1125
8 0.6471816283924844 0.821875 0.23799582463465555 0.159375
1 0.2588726513569937 0.7609375 0.17954070981210857 0.1140625
8 0.2567849686847599 0.9078125 0.16075156576200417 0.15
1 0.24634655532359082 0.9921875 0.15866388308977036 0.015625
12 0.24425887265135698 0.471875 0.1524008350730689 0.203125
12 0.08350730688935282 0.446875 0.1649269311064718 0.15625
1 0.0709812108559499 0.5703125 0.1336116910229645 0.1
1 0.615866388308977 0.6375 0.16910229645093947 0.1296875
1 0.8997912317327766 0.653125 0.1732776617954071 0.134375
1 0.7473903966597077 0.65625 0.1127348643006263 0.115625
1 0.9822546972860126 0.496875 0.03549060542797495 0.1625
1 0.6409185803757829 0.9796875 0.19624217118997914 0.0390625
1 0.44258872651356995 0.95 0.18789144050104384 0.0984375
8 0.9780793319415448 0.9671875 0.04384133611691023 0.065625
8 0.9154488517745303 0.8625 0.16910229645093947 0.19375
12 0.22338204592901878 0.25 0.16701461377870563 0.159375
1 0.5093945720250522 0.2046875 0.15866388308977036 0.11875
1 0.8308977035490606 0.0375 0.20668058455114824 0.0734375
1 0.5532359081419624 0.3953125 0.15657620041753653 0.134375
1 0.4196242171189979 0.3703125 0.16701461377870563 0.140625
1 0.3736951983298539 0.278125 0.1419624217118998 0.10625
16 0.975991649269311 0.0703125 0.04801670146137787 0.140625
1 0.4196242171189979 0.0484375 0.19624217118997914 0.096875
8 0.054279749478079335 0.075 0.10855949895615867 0.15
1 0.16910229645093947 0.0765625 0.16701461377870563 0.1265625