16 0.23382045929018788 0.015625 0.4091858037578288 0.0296875
1 0.014613778705636743 0.1609375 0.029227557411273485 0.1015625
13 0.14822546972860126 0.2859375 0.2588726513569937 0.275
6 0.5448851774530271 0.2328125 0.615866388308977 0.353125
8 0.35073068893528186 0.4484375 0.19832985386221294 0.190625
17 0.8183716075156576 0.5296875 0.325678496868476 0.2421875
8 0.20250521920668058 0.65 0.16701461377870563 0.1515625
14 0.025052192066805846 0.6546875 0.04801670146137787 0.2765625
1 0.4968684759916493 0.775 0.15866388308977036 0.0953125
1 0.5323590814196242 0.9171875 0.1732776617954071 0.1109375
1 0.9561586638830898 0.7203125 0.08768267223382047 0.0796875
11 0.8235908141962421 0.8546875 0.35281837160751567 0.290625