8 0.16701461377870563 0.9671875 0.16701461377870563 0.065625
1 0.08977035490605428 0.8828125 0.13569937369519833 0.0921875
8 0.2776617954070981 0.9359375 0.1336116910229645 0.109375
1 0.35281837160751567 0.875 0.11899791231732777 0.0859375
14 0.267223382045929 0.784375 0.2254697286012526 0.1234375
1 0.18789144050104384 0.678125 0.12317327766179541 0.0859375
1 0.29227557411273486 0.6421875 0.11899791231732777 0.1015625
8 0.3736951983298539 0.578125 0.14822546972860126 0.128125
1 0.12734864300626306 0.5171875 0.15866388308977036 0.103125
1 0.5073068893528184 0.7625 0.11691022964509394 0.0828125
1 0.5073068893528184 0.678125 0.11482254697286012 0.0859375
8 0.5741127348643006 0.9703125 0.13778705636743216 0.059375
13 0.7014613778705637 0.9734375 0.162839248434238 0.0515625
17 0.6951983298538622 0.8328125 0.2567849686847599 0.234375
1 0.7202505219206681 0.665625 0.11899791231732777 0.084375
1 0.615866388308977 0.628125 0.12317327766179541 0.0796875
15 0.6096033402922756 0.4859375 0.2818371607515658 0.215625
1 0.20876826722338204 0.31875 0.1127348643006263 0.08125
1 0.30062630480167013 0.3484375 0.10855949895615867 0.084375
5 0.46346555323590816 0.1890625 0.38413361169102295 0.3109375
1 0.1336116910229645 0.209375 0.1315240083507307 0.09375
1 0.22964509394572025 0.1609375 0.10855949895615867 0.09375
1 0.2860125260960334 0.0109375 0.10438413361169102 0.0203125
1 0.21711899791231734 0.0328125 0.1022964509394572 0.0640625
1 0.081419624217119 0.059375 0.10647181628392484 0.078125
1 0.06680584551148225 0.0015625 0.11899791231732777 0.003125
1 0.006263048016701462 0.08125 0.012526096033402923 0.0875