1 0.9989561586638831 0.86015625 0.0020876826722338203 0.1015625
1 0.9227557411273486 0.6953125 0.13569937369519833 0.1
1 0.592901878914405 0.621875 0.12317327766179541 0.1015625
12 0.651356993736952 0.30625 0.1440501043841336 0.1703125
1 0.9697286012526096 0.2015625 0.060542797494780795 0.103125
12 0.9384133611691023 0.3078125 0.12317327766179541 0.146875
14 0.8392484342379958 0.35 0.16701461377870563 0.1953125
1 0.7118997912317327 0.440625 0.11064718162839249 0.084375
8 0.8225469728601252 0.525 0.16701461377870563 0.146875
1 0.7536534446764092 0.01875 0.10647181628392484 0.0375
1 0.8914405010438413 0.0453125 0.15866388308977036 0.0890625