8 0.11064718162839249 0.0234375 0.19624217118997914 0.046875
1 0.12734864300626306 0.1 0.1315240083507307 0.121875
1 0.1732776617954071 0.2109375 0.15866388308977036 0.09375
1 0.33611691022964507 0.028125 0.13778705636743216 0.0546875
1 0.38413361169102295 0.1109375 0.1524008350730689 0.0984375
1 0.33194154488517746 0.3 0.12734864300626306 0.1046875
1 0.5762004175365344 0.0109375 0.15031315240083507 0.021875
13 0.7536534446764092 0.11875 0.16910229645093947 0.2359375
12 0.6826722338204593 0.4390625 0.3465553235908142 0.2125
8 0.4572025052192067 0.76875 0.19206680584551147 0.228125
16 0.025052192066805846 0.540625 0.04801670146137787 0.26875
1 0.11064718162839249 0.7109375 0.1440501043841336 0.0984375
8 0.006263048016701462 0.990625 0.012526096033402923 0.0171875
8 0.7995824634655533 0.95 0.17536534446764093 0.084375
1 0.7265135699373695 0.759375 0.11482254697286012 0.1015625
1 0.8434237995824635 0.740625 0.13778705636743216 0.103125
1 0.9352818371607515 0.690625 0.12943632567849686 0.0984375
13 0.9342379958246346 0.8890625 0.1315240083507307 0.16875