1 0.94258872651357 0.43203125 0.11482254697286012 0.0828125
1 0.9780793319415448 0.475 0.04384133611691023 0.078125
1 0.9958246346555324 0.5734375 0.008350730688935281 0.09375
1 0.9394572025052192 0.6109375 0.10855949895615867 0.078125
1 0.8392484342379958 0.6578125 0.12108559498956159 0.0828125
1 0.7745302713987474 0.7203125 0.12734864300626306 0.0828125
1 0.5845511482254697 0.5078125 0.13987473903966596 0.1015625
8 0.7202505219206681 0.5828125 0.12317327766179541 0.084375
1 0.6242171189979123 0.596875 0.0709812108559499 0.071875
8 0.5657620041753654 0.6484375 0.11691022964509394 0.1078125
8 0.453027139874739 0.6703125 0.09394572025052192 0.0828125
8 0.37160751565762007 0.696875 0.11691022964509394 0.0921875
8 0.2755741127348643 0.734375 0.12734864300626306 0.096875
1 0.22755741127348644 0.8078125 0.11482254697286012 0.0671875
1 0.1419624217118998 0.85 0.11482254697286012 0.0828125
8 0.10855949895615867 0.765625 0.13987473903966596 0.0953125
12 0.022964509394572025 0.8 0.04592901878914405 0.1078125
1 0.07724425887265135 0.959375 0.12108559498956159 0.0796875
8 0.11482254697286012 0.9921875 0.15031315240083507 0.015625
1 0.19624217118997914 0.971875 0.12734864300626306 0.05625
1 0.29018789144050106 0.9109375 0.12317327766179541 0.090625
1 0.4509394572025052 0.975 0.1315240083507307 0.0484375
8 0.5636743215031316 0.853125 0.1732776617954071 0.1265625
1 0.8580375782881002 0.8171875 0.12734864300626306 0.090625
1 0.9488517745302714 0.76953125 0.1022964509394572 0.1046875
1 0.7578288100208769 0.9546875 0.1440501043841336 0.0890625