1 0.9864300626304802 0.9 0.027139874739039668 0.15625
8 0.7828810020876826 0.7984375 0.27139874739039666 0.1953125
8 0.3695198329853862 0.703125 0.23173277661795408 0.1765625
13 0.49269311064718163 0.996875 0.31106471816283926 0.0046875
13 0.44676409185803756 0.8875 0.2839248434237996 0.225
1 0.17745302713987474 0.8625 0.21294363256784968 0.1609375
14 0.12108559498956159 0.6625 0.24217118997912318 0.2296875
1 0.430062630480167 0.034375 0.18789144050104384 0.0671875
1 0.8997912317327766 0.2734375 0.17745302713987474 0.146875
8 0.9843423799582464 0.25 0.031315240083507306 0.153125
4 0.9342379958246346 0.0828125 0.1315240083507307 0.165625