8 0.9739039665970772 0.05546875 0.05219206680584551 0.1109375
8 0.860125260960334 0.05625 0.20041753653444677 0.1125
1 0.7223382045929019 0.1515625 0.12526096033402923 0.0984375
1 0.6221294363256785 0.2546875 0.1544885177453027 0.0859375
1 0.7014613778705637 0.3484375 0.162839248434238 0.0921875
1 0.8100208768267223 0.2375 0.13987473903966596 0.0828125
1 0.8977035490605428 0.1984375 0.12317327766179541 0.0953125
1 0.37995824634655534 0.7375 0.12943632567849686 0.0734375
13 0.9144050104384134 0.4171875 0.17118997912317327 0.196875
1 0.35281837160751567 0.25625 0.1419624217118998 0.1015625
1 0.407098121085595 0.3484375 0.12943632567849686 0.096875
12 0.3068893528183716 0.5296875 0.21085594989561587 0.1703125
1 0.5365344467640919 0.4421875 0.12526096033402923 0.0953125
1 0.6701461377870563 0.459375 0.11482254697286012 0.078125
12 0.5302713987473904 0.5546875 0.15031315240083507 0.1328125
1 0.6701461377870563 0.55 0.10647181628392484 0.0640625
1 0.7828810020876826 0.54375 0.10855949895615867 0.0765625
1 0.6931106471816284 0.609375 0.10647181628392484 0.06875
8 0.081419624217119 0.6234375 0.162839248434238 0.096875
15 0.5010438413361169 0.7921875 0.24843423799582465 0.11875
8 0.569937369519833 0.6734375 0.1336116910229645 0.0921875
7 0.7766179540709812 0.715625 0.2985386221294363 0.209375
17 0.9613778705636743 0.61015625 0.07724425887265135 0.1703125
12 0.0020876826722338203 0.6359375 0.0020876826722338203 0.1265625
12 0.04175365344467641 0.4046875 0.08350730688935282 0.1484375