1 0.029227557411273485 0.784375 0.05845511482254697 0.11875
5 0.12317327766179541 0.9671875 0.24634655532359082 0.0640625
1 0.22338204592901878 0.4984375 0.13778705636743216 0.1265625
8 0.037578288100208766 0.471875 0.07515657620041753 0.1515625
8 0.13569937369519833 0.365625 0.20876826722338204 0.1078125
12 0.6889352818371608 0.2578125 0.24843423799582465 0.1484375
8 0.6283924843423799 0.0671875 0.16910229645093947 0.134375
1 0.824634655532359 0.1296875 0.12108559498956159 0.0703125
8 0.5991649269311065 0.41875 0.1941544885177453 0.14375
8 0.8162839248434238 0.4203125 0.13987473903966596 0.134375
8 0.9665970772442589 0.371875 0.06680584551148225 0.1171875
8 0.8872651356993737 0.0046875 0.16910229645093947 0.0078125
13 0.9436325678496869 0.05 0.1127348643006263 0.0984375