1 0.014613778705636743 0.0734375 0.029227557411273485 0.084375
8 0.15657620041753653 0.996875 0.14822546972860126 0.0046875
1 0.13569937369519833 0.8140625 0.1336116910229645 0.0921875
1 0.05636743215031315 0.759375 0.11064718162839249 0.0953125
1 0.025052192066805846 0.653125 0.04801670146137787 0.0890625
1 0.0020876826722338203 0.5265625 0.0020876826722338203 0.096875
1 0.1022964509394572 0.5109375 0.1336116910229645 0.103125
8 0.008350730688935281 0.3921875 0.016701461377870562 0.1140625
1 0.06680584551148225 0.3921875 0.12317327766179541 0.0953125
1 0.2797494780793319 0.1625 0.1524008350730689 0.0828125
1 0.348643006263048 0.25 0.16075156576200417 0.096875
1 0.8872651356993737 0.9421875 0.14613778705636743 0.1015625
12 0.4572025052192067 0.8984375 0.17118997912317327 0.1171875
13 0.6367432150313153 0.8671875 0.20041753653444677 0.140625
1 0.3444676409185804 0.975 0.17954070981210857 0.0484375
12 0.5156576200417536 0.9953125 0.18789144050104384 0.009375
1 0.36116910229645094 0.521875 0.12734864300626306 0.0953125
1 0.5991649269311065 0.6046875 0.1315240083507307 0.1171875
1 0.35908141962421714 0.4296875 0.1315240083507307 0.1
16 0.5887265135699373 0.4875 0.31941544885177453 0.1515625
1 0.8037578288100209 0.434375 0.12734864300626306 0.0890625
1 0.8914405010438413 0.3671875 0.12317327766179541 0.090625
1 0.6492693110647182 0.2484375 0.13778705636743216 0.0984375
14 0.8496868475991649 0.2234375 0.24425887265135698 0.1875
1 0.9509394572025052 0.08125 0.09812108559498957 0.0875
1 0.5991649269311065 0.0578125 0.15031315240083507 0.1046875
1 0.8392484342379958 0.0234375 0.12526096033402923 0.046875