1 0.26931106471816285 0.7203125 0.25052192066805845 0.1796875
1 0.8475991649269311 0.3875 0.20041753653444677 0.146875
1 0.8830897703549061 0.0328125 0.1941544885177453 0.065625
1 0.9217118997912317 0.16328125 0.15657620041753653 0.1265625
1 0.6764091858037579 0.2 0.16910229645093947 0.1265625
1 0.3924843423799583 0.025 0.1941544885177453 0.05
1 0.5866388308977035 0.034375 0.1837160751565762 0.06875
8 0.08350730688935282 0.0328125 0.16701461377870563 0.0640625
1 0.12317327766179541 0.246875 0.16910229645093947 0.1640625
1 0.37995824634655534 0.2234375 0.3298538622129436 0.2515625
2 0.5177453027139874 0.5015625 0.3987473903966597 0.33125