12 0.348643006263048 0.0203125 0.2150313152400835 0.0390625
1 0.5448851774530271 0.075 0.15031315240083507 0.1171875
8 0.33194154488517746 0.3390625 0.15657620041753653 0.1640625
8 0.060542797494780795 0.2625 0.12108559498956159 0.2078125
1 0.8225469728601252 0.3359375 0.1315240083507307 0.096875
16 0.848643006263048 0.540625 0.302713987473904 0.26875
1 0.8413361169102297 0.78125 0.13987473903966596 0.1109375
1 0.6931106471816284 0.7890625 0.1649269311064718 0.115625
13 0.3569937369519833 0.659375 0.3903966597077244 0.2234375
1 0.2588726513569937 0.9359375 0.17118997912317327 0.128125
1 0.5949895615866388 0.9171875 0.1336116910229645 0.1125
8 0.7807933194154488 0.9515625 0.16701461377870563 0.0953125
8 0.9405010438413361 0.98984375 0.11899791231732777 0.0171875