8 0.9488517745302714 0.725 0.1022964509394572 0.128125
1 0.7974947807933194 0.490625 0.10647181628392484 0.0984375
1 0.8997912317327766 0.5015625 0.1127348643006263 0.1109375
1 0.9989561586638831 0.36875 0.0020876826722338203 0.078125
1 0.7620041753653445 0.325 0.12943632567849686 0.1140625
1 0.975991649269311 0.26328125 0.04801670146137787 0.0828125
12 0.9989561586638831 0.134375 0.0020876826722338203 0.165625
1 0.060542797494780795 0.8609375 0.12108559498956159 0.1015625
8 0.10855949895615867 0.9703125 0.1419624217118998 0.059375
12 0.11691022964509394 0.6609375 0.14822546972860126 0.1578125
1 0.033402922755741124 0.2015625 0.06680584551148225 0.103125
12 0.06263048016701461 0.3078125 0.12317327766179541 0.146875
1 0.31941544885177453 0.0625 0.12108559498956159 0.10625