8 0.5177453027139874 0.75 0.24634655532359082 0.1515625
8 0.3569937369519833 0.9203125 0.20250521920668058 0.1578125
1 0.6534446764091858 0.9859375 0.10020876826722339 0.0265625
1 0.7724425887265136 0.9421875 0.10647181628392484 0.090625
1 0.8643006263048016 0.878125 0.13987473903966596 0.0953125
1 0.3569937369519833 0.1453125 0.1440501043841336 0.1015625
8 0.022964509394572025 0.2828125 0.04384133611691023 0.140625
14 0.29018789144050106 0.3078125 0.31941544885177453 0.1640625
1 0.4613778705636743 0.50625 0.1315240083507307 0.09375
17 0.20250521920668058 0.5234375 0.40292275574112735 0.2703125
1 0.7411273486430062 0.4390625 0.12734864300626306 0.0953125
1 0.8455114822546973 0.3375 0.1440501043841336 0.0984375
1 0.930062630480167 0.24140625 0.13987473903966596 0.1015625
1 0.9822546972860126 0.1703125 0.03549060542797495 0.109375
8 0.9801670146137788 0.77890625 0.03966597077244259 0.0734375