1 0.8810020876826722 0.184375 0.15031315240083507 0.125
1 0.9749478079331941 0.23125 0.05010438413361169 0.121875
1 0.9697286012526096 0.3828125 0.060542797494780795 0.11875
18 0.5657620041753654 0.3828125 0.34237995824634654 0.1890625
13 0.3736951983298539 0.540625 0.3298538622129436 0.165625
14 0.07515657620041753 0.49375 0.15031315240083507 0.18125
1 0.008350730688935281 0.3359375 0.016701461377870562 0.0984375
1 0.03966597077244259 0.2125 0.07933194154488518 0.0921875
1 0.04801670146137787 0.0171875 0.09394572025052192 0.0328125
1 0.10855949895615867 0.109375 0.12108559498956159 0.103125
12 0.25052192066805845 0.1953125 0.17536534446764093 0.2265625
18 0.407098121085595 0.00625 0.3173277661795407 0.0109375
1 0.430062630480167 0.06875 0.13778705636743216 0.1