12 0.5448851774530271 0.9640625 0.17954070981210857 0.0703125
1 0.9926931106471816 0.9921875 0.014613778705636743 0.015625
1 0.8538622129436325 0.9609375 0.12734864300626306 0.0765625
8 0.9509394572025052 0.93203125 0.09812108559498957 0.1328125
1 0.9697286012526096 0.6578125 0.060542797494780795 0.134375
12 0.9112734864300627 0.7953125 0.17745302713987474 0.103125
12 0.8100208768267223 0.575 0.1732776617954071 0.203125
13 0.6304801670146137 0.6890625 0.2630480167014614 0.18125
13 0.6951983298538622 0.85625 0.24217118997912318 0.1625
1 0.8183716075156576 0.7296875 0.1127348643006263 0.084375
13 0.7056367432150313 0.3234375 0.34237995824634654 0.2515625
8 0.9175365344467641 0.228125 0.1649269311064718 0.13125
1 0.8789144050104384 0.0515625 0.16910229645093947 0.103125
8 0.9958246346555324 0.23125 0.008350730688935281 0.15
8 0.9864300626304802 0.03828125 0.027139874739039668 0.0765625