12 0.5991649269311065 0.7921875 0.19624217118997914 0.125
1 0.025052192066805846 0.346875 0.04801670146137787 0.1125
1 0.34029227557411273 0.8 0.15031315240083507 0.1203125
1 0.7828810020876826 0.0421875 0.1315240083507307 0.084375
8 0.8538622129436325 0.4953125 0.1524008350730689 0.1140625
14 0.162839248434238 0.5609375 0.22338204592901878 0.359375
8 0.20668058455114824 0.86875 0.1440501043841336 0.1859375
14 0.907098121085595 0.75546875 0.18580375782881003 0.2203125
8 0.6283924843423799 0.965625 0.16910229645093947 0.06875
14 0.23799582463465555 0.25625 0.3444676409185804 0.1625
8 0.4509394572025052 0.109375 0.16910229645093947 0.1875
1 0.6200417536534447 0.096875 0.12943632567849686 0.10625
15 0.6764091858037579 0.3171875 0.26931106471816285 0.2828125
17 0.5073068893528184 0.609375 0.4321503131524008 0.184375
13 0.3653444676409186 0.4359375 0.24217118997912318 0.165625
8 0.8872651356993737 0.94375 0.16910229645093947 0.1125
13 0.9436325678496869 0.9859375 0.1127348643006263 0.0265625