1 0.8830897703549061 0.9609375 0.1941544885177453 0.078125
1 0.8851774530271399 0.79375 0.22755741127348644 0.1578125
1 0.3924843423799583 0.953125 0.1941544885177453 0.0921875
1 0.5866388308977035 0.959375 0.1837160751565762 0.0796875
8 0.08350730688935282 0.9671875 0.16701461377870563 0.065625
1 0.012526096033402923 0.7109375 0.022964509394572025 0.10625
1 0.05845511482254697 0.78125 0.11691022964509394 0.1265625
1 0.907098121085595 0.6171875 0.18580375782881003 0.146875
1 0.32150313152400833 0.096875 0.22129436325678498 0.1484375
13 0.44467640918580376 0.3015625 0.21920668058455114 0.175
1 0.7411273486430062 0.615625 0.1524008350730689 0.11875
8 0.2651356993736952 0.7265625 0.17954070981210857 0.10625
8 0.407098121085595 0.690625 0.11691022964509394 0.125
8 0.5302713987473904 0.6015625 0.1336116910229645 0.121875
1 0.5156576200417536 0.7265625 0.15657620041753653 0.0984375
1 0.6242171189979123 0.65 0.11899791231732777 0.109375
1 0.4279749478079332 0.4734375 0.12108559498956159 0.096875
1 0.5553235908141962 0.4890625 0.1544885177453027 0.1078125
1 0.027139874739039668 0.5015625 0.05219206680584551 0.10625
12 0.24843423799582465 0.6140625 0.21711899791231734 0.11875
8 0.40501043841336115 0.5703125 0.11482254697286012 0.0984375
18 0.20876826722338204 0.4671875 0.325678496868476 0.1984375
8 0.0020876826722338203 0.4015625 0.0020876826722338203 0.1125
12 0.07933194154488518 0.31875 0.15866388308977036 0.0875
8 0.08350730688935282 0.2046875 0.15866388308977036 0.1265625
8 0.06889352818371608 0.0546875 0.13569937369519833 0.109375