8 0.9739039665970772 0.98203125 0.05219206680584551 0.0328125
8 0.860125260960334 0.9921875 0.20041753653444677 0.015625
12 0.11899791231732777 0.515625 0.23799582463465555 0.1671875
1 0.49478079331941544 0.465625 0.1440501043841336 0.1046875
1 0.7244258872651357 0.4984375 0.162839248434238 0.125
1 0.3173277661795407 0.3828125 0.12526096033402923 0.090625
1 0.30062630480167013 0.278125 0.12734864300626306 0.1
1 0.5386221294363257 0.271875 0.14822546972860126 0.0859375
1 0.5678496868475992 0.3484375 0.13569937369519833 0.090625
1 0.6764091858037579 0.321875 0.12317327766179541 0.078125
8 0.12943632567849686 0.3640625 0.1336116910229645 0.121875
8 0.06680584551148225 0.0109375 0.1315240083507307 0.0203125
8 0.025052192066805846 0.0671875 0.05010438413361169 0.0921875
1 0.018789144050104383 0.29375 0.03549060542797495 0.0765625
12 0.037578288100208766 0.396875 0.07306889352818371 0.121875
8 0.14613778705636743 0.253125 0.12734864300626306 0.0953125
12 0.05636743215031315 0.175 0.11064718162839249 0.16875
1 0.19624217118997914 0.0390625 0.11064718162839249 0.078125
1 0.27139874739039666 0.103125 0.12108559498956159 0.0765625
8 0.35281837160751567 0.0421875 0.1649269311064718 0.084375
12 0.46764091858037576 0.15 0.13778705636743216 0.140625
13 0.7202505219206681 0.2265625 0.17954070981210857 0.1546875
12 0.906054279749478 0.265625 0.18789144050104384 0.103125
8 0.8851774530271399 0.128125 0.11064718162839249 0.096875
13 0.826722338204593 0.046875 0.13778705636743216 0.0921875
8 0.7265135699373695 0.0015625 0.1419624217118998 0.0015625
8 0.9592901878914405 0.046875 0.081419624217119 0.09375
1 0.9864300626304802 0.1140625 0.027139874739039668 0.046875