1 0.0041753653444676405 0.240625 0.006263048016701462 0.1171875
1 0.22129436325678498 0.6796875 0.13987473903966596 0.1078125
8 0.3924843423799583 0.6015625 0.14613778705636743 0.1140625
1 0.25052192066805845 0.48125 0.12526096033402923 0.090625
1 0.302713987473904 0.384375 0.12108559498956159 0.0984375
1 0.4196242171189979 0.3234375 0.10647181628392484 0.0921875
1 0.6200417536534447 0.5796875 0.0918580375782881 0.096875
1 0.6889352818371608 0.71875 0.09394572025052192 0.0984375
1 0.46555323590814196 0.7046875 0.09812108559498957 0.05625
1 0.615866388308977 0.909375 0.1440501043841336 0.1
1 0.4592901878914405 0.95 0.1419624217118998 0.090625
8 0.06263048016701461 0.9546875 0.12526096033402923 0.084375