1 0.031315240083507306 0.2109375 0.06263048016701461 0.09375
1 0.016701461377870562 0.3234375 0.033402922755741124 0.0953125
1 0.7995824634655533 0.190625 0.12317327766179541 0.096875
1 0.7766179540709812 0.3125 0.12108559498956159 0.10625
8 0.5949895615866388 0.1296875 0.29227557411273486 0.096875
1 0.5427974947807933 0.228125 0.12734864300626306 0.08125
12 0.40083507306889354 0.3015625 0.19832985386221294 0.146875
13 0.40083507306889354 0.503125 0.18997912317327767 0.16875
1 0.8413361169102297 0.5265625 0.09394572025052192 0.0875
8 0.5553235908141962 0.7796875 0.15866388308977036 0.1109375
14 0.755741127348643 0.7953125 0.2045929018789144 0.2453125
8 0.6889352818371608 0.9796875 0.14613778705636743 0.040625
1 0.060542797494780795 0.821875 0.12108559498956159 0.090625
1 0.1649269311064718 0.9109375 0.13987473903966596 0.0921875