1 0.037578288100208766 0.23125 0.07306889352818371 0.1359375
13 0.4112734864300626 0.0234375 0.3444676409185804 0.046875
8 0.9258872651356994 0.01953125 0.14822546972860126 0.0390625
8 0.9801670146137788 0.0640625 0.03966597077244259 0.128125
8 0.569937369519833 0.709375 0.17745302713987474 0.1234375
1 0.7849686847599165 0.215625 0.09603340292275574 0.0875
1 0.5866388308977035 0.540625 0.1544885177453027 0.125
8 0.918580375782881 0.515625 0.162839248434238 0.096875
8 0.8684759916492694 0.5953125 0.1649269311064718 0.084375
1 0.9728601252609603 0.5859375 0.054279749478079335 0.075
1 0.965553235908142 0.76796875 0.06889352818371608 0.0796875
1 0.8350730688935282 0.6765625 0.14613778705636743 0.090625
1 0.9144050104384134 0.7296875 0.12108559498956159 0.0765625
13 0.9488517745302714 0.6640625 0.1022964509394572 0.096875
8 0.9613778705636743 0.87421875 0.07724425887265135 0.1078125
8 0.8496868475991649 0.8734375 0.12317327766179541 0.14375
1 0.6221294363256785 0.8921875 0.11691022964509394 0.0984375
1 0.5323590814196242 0.9640625 0.10855949895615867 0.0703125
1 0.6492693110647182 0.9765625 0.10438413361169102 0.0453125
1 0.8559498956158664 0.9828125 0.10020876826722339 0.034375
1 0.7891440501043842 0.9609375 0.1022964509394572 0.078125
1 0.9739039665970772 0.96640625 0.05219206680584551 0.0640625
15 0.15657620041753653 0.5734375 0.31106471816283926 0.18125
8 0.06680584551148225 0.7203125 0.1315240083507307 0.0953125
13 0.33402922755741127 0.7015625 0.19832985386221294 0.1578125
8 0.2546972860125261 0.8828125 0.15657620041753653 0.10625
8 0.21294363256784968 0.78125 0.13987473903966596 0.090625
8 0.17954070981210857 0.6890625 0.11482254697286012 0.0953125
1 0.46555323590814196 0.7578125 0.1022964509394572 0.0875
1 0.031315240083507306 0.8296875 0.060542797494780795 0.1078125
1 0.016701461377870562 0.9453125 0.031315240083507306 0.0953125
1 0.1127348643006263 0.9546875 0.13778705636743216 0.0890625