1 0.12526096033402923 0.06875 0.1419624217118998 0.0984375
8 0.025052192066805846 0.1359375 0.05010438413361169 0.090625
12 0.0918580375782881 0.253125 0.1837160751565762 0.140625
1 0.025052192066805846 0.3921875 0.04801670146137787 0.1015625
1 0.0709812108559499 0.453125 0.11064718162839249 0.0796875
1 0.17536534446764093 0.415625 0.12734864300626306 0.0859375
1 0.2776617954070981 0.2625 0.10647181628392484 0.09375
1 0.3883089770354906 0.271875 0.10647181628392484 0.0875
1 0.4196242171189979 0.1921875 0.13778705636743216 0.0859375
1 0.4112734864300626 0.0953125 0.15866388308977036 0.0921875
1 0.569937369519833 0.078125 0.1524008350730689 0.109375
1 0.7160751565762005 0.1109375 0.1022964509394572 0.096875
8 0.8392484342379958 0.1609375 0.1649269311064718 0.1390625
14 0.6116910229645094 0.2578125 0.22964509394572025 0.1234375
8 0.6263048016701461 0.1453125 0.09394572025052192 0.0921875
1 0.9467640918580376 0.0734375 0.10647181628392484 0.084375
1 0.012526096033402923 0.8296875 0.025052192066805846 0.10625
1 0.2881002087682672 0.7171875 0.13778705636743216 0.0984375
1 0.081419624217119 0.6109375 0.13987473903966596 0.096875
1 0.2045929018789144 0.5546875 0.11064718162839249 0.071875
1 0.33611691022964507 0.5390625 0.12108559498956159 0.0859375
13 0.46764091858037576 0.6640625 0.1837160751565762 0.2125
1 0.6450939457202505 0.5578125 0.13987473903966596 0.1015625
8 0.6764091858037579 0.6953125 0.1544885177453027 0.121875
1 0.0020876826722338203 0.9578125 0.0020876826722338203 0.075
13 0.325678496868476 0.971875 0.2359081419624217 0.05625
1 0.5177453027139874 0.9890625 0.10855949895615867 0.0203125
1 0.6012526096033403 0.8734375 0.1336116910229645 0.09375
1 0.7682672233820459 0.85 0.12317327766179541 0.0859375
8 0.7599164926931107 0.9515625 0.2045929018789144 0.0953125
1 0.9926931106471816 0.75859375 0.014613778705636743 0.0953125
1 0.954070981210856 0.653125 0.0918580375782881 0.0890625
1 0.9352818371607515 0.5265625 0.12943632567849686 0.096875
8 0.9269311064718163 0.3921875 0.14613778705636743 0.1140625