8 0.9488517745302714 0.9671875 0.1022964509394572 0.065625
1 0.8121085594989561 0.975 0.17536534446764093 0.05
8 0.524008350730689 0.9578125 0.2254697286012526 0.084375
8 0.2755741127348643 0.925 0.2588726513569937 0.1484375
8 0.826722338204593 0.8421875 0.20250521920668058 0.125
12 0.060542797494780795 0.9328125 0.12108559498956159 0.134375
14 0.49478079331941544 0.7875 0.3862212943632568 0.134375
1 0.9321503131524008 0.7109375 0.13569937369519833 0.10625
1 0.9780793319415448 0.78046875 0.04384133611691023 0.1265625
1 0.32150313152400833 0.634375 0.18162839248434237 0.115625
1 0.022964509394572025 0.040625 0.04592901878914405 0.0796875
12 0.010438413361169102 0.375 0.020876826722338204 0.10625
1 0.14822546972860126 0.5265625 0.17118997912317327 0.103125
1 0.05219206680584551 0.4546875 0.10438413361169102 0.1109375
8 0.12108559498956159 0.3875 0.1544885177453027 0.1109375
1 0.05636743215031315 0.33125 0.1127348643006263 0.08125
1 0.0020876826722338203 0.278125 0.0020876826722338203 0.1015625
15 0.11064718162839249 0.19375 0.22129436325678498 0.1625
1 0.29227557411273486 0.3203125 0.1419624217118998 0.121875
1 0.42171189979123175 0.2875 0.1649269311064718 0.0953125
13 0.5636743215031316 0.2328125 0.2776617954070981 0.134375
8 0.3695198329853862 0.1796875 0.19206680584551147 0.0953125
1 0.5762004175365344 0.1109375 0.10020876826722339 0.0734375
16 0.35490605427974947 0.06875 0.3298538622129436 0.1375
12 0.5991649269311065 0.04375 0.24008350730688935 0.0875
1 0.8016701461377871 0.009375 0.15866388308977036 0.01875
1 0.9634655532359081 0.5015625 0.07306889352818371 0.10625
1 0.7933194154488518 0.575 0.15031315240083507 0.1109375
1 0.826722338204593 0.46875 0.1315240083507307 0.0921875
8 0.9258872651356994 0.4015625 0.14822546972860126 0.1125
1 0.906054279749478 0.253125 0.12526096033402923 0.0921875
12 0.9739039665970772 0.31875 0.05219206680584551 0.0875
12 0.8517745302713987 0.128125 0.1941544885177453 0.14375
8 0.9488517745302714 0.0546875 0.1022964509394572 0.109375
1 0.4509394572025052 0.5515625 0.15866388308977036 0.10625
12 0.605427974947808 0.6078125 0.16701461377870563 0.14375
1 0.4509394572025052 0.44375 0.12734864300626306 0.1046875
1 0.5908141962421712 0.50625 0.1336116910229645 0.075
1 0.5490605427974948 0.4296875 0.11899791231732777 0.0921875
1 0.6617954070981211 0.4578125 0.10855949895615867 0.096875