14 0.8883089770354906 0.1578125 0.22338204592901878 0.221875
13 0.6200417536534447 0.1265625 0.2985386221294363 0.23125
1 0.37995824634655534 0.059375 0.17118997912317327 0.090625
1 0.21711899791231734 0.0484375 0.15866388308977036 0.096875
8 0.49269311064718163 0.4171875 0.17118997912317327 0.1625
8 0.7891440501043842 0.315625 0.16075156576200417 0.18125
1 0.9665970772442589 0.375 0.06680584551148225 0.109375
1 0.9467640918580376 0.53515625 0.10647181628392484 0.1078125
12 0.5824634655532359 0.61875 0.20876826722338204 0.178125
1 0.31524008350730687 0.58125 0.11691022964509394 0.121875
8 0.31941544885177453 0.7703125 0.18580375782881003 0.1453125
1 0.0709812108559499 0.534375 0.1419624217118998 0.134375
1 0.6784968684759917 0.8515625 0.15866388308977036 0.11875
12 0.348643006263048 0.9453125 0.2150313152400835 0.1078125
8 0.09603340292275574 0.83125 0.18997912317327767 0.1828125
1 0.022964509394572025 0.6421875 0.04384133611691023 0.1234375
1 0.9436325678496869 0.884375 0.1127348643006263 0.1046875