1 0.8434237995824635 0.0765625 0.24843423799582465 0.153125
1 0.13987473903966596 0.0046875 0.21711899791231734 0.0078125
1 0.32150313152400833 0.0734375 0.20041753653444677 0.146875
1 0.49269311064718163 0.0765625 0.19624217118997914 0.153125
1 0.3945720250521921 0.459375 0.20041753653444677 0.1640625
8 0.6534446764091858 0.5109375 0.2609603340292276 0.1671875
8 0.24843423799582465 0.7 0.3444676409185804 0.271875
8 0.9112734864300627 0.60703125 0.17745302713987474 0.1921875
1 0.9634655532359081 0.88828125 0.07306889352818371 0.1578125
1 0.3173277661795407 0.9734375 0.21920668058455114 0.053125
13 0.06263048016701461 0.9671875 0.12526096033402923 0.065625