8 0.07515657620041753 0.9515625 0.14822546972860126 0.096875
8 0.27139874739039666 0.99375 0.13987473903966596 0.0109375
8 0.1022964509394572 0.815625 0.1837160751565762 0.1453125
8 0.2546972860125261 0.8953125 0.1440501043841336 0.1734375
1 0.3674321503131524 0.9609375 0.1440501043841336 0.078125
1 0.3736951983298539 0.6109375 0.2651356993736952 0.1515625
1 0.6033402922755741 0.5109375 0.1837160751565762 0.1296875
1 0.7766179540709812 0.484375 0.12317327766179541 0.1234375
8 0.49478079331941544 0.796875 0.1837160751565762 0.14375
1 0.5803757828810021 0.8984375 0.1419624217118998 0.109375
1 0.7265135699373695 0.95625 0.16910229645093947 0.0875
1 0.6555323590814196 0.778125 0.12734864300626306 0.0984375
17 0.9237995824634656 0.946875 0.1524008350730689 0.10625
2 0.8100208768267223 0.703125 0.37995824634655534 0.190625
8 0.9248434237995825 0.8390625 0.15031315240083507 0.128125
1 0.9488517745302714 0.46640625 0.1022964509394572 0.1171875
1 0.8893528183716075 0.5390625 0.1524008350730689 0.109375
1 0.9613778705636743 0.5984375 0.07724425887265135 0.08125