13 0.05219206680584551 0.2765625 0.10438413361169102 0.18125
13 0.325678496868476 0.0546875 0.2359081419624217 0.1078125
1 0.5177453027139874 0.028125 0.10855949895615867 0.05625
8 0.7599164926931107 0.01875 0.2045929018789144 0.0375
1 0.5198329853862212 0.1296875 0.1336116910229645 0.0890625
1 0.4572025052192067 0.3765625 0.14822546972860126 0.1109375
1 0.5177453027139874 0.28125 0.12734864300626306 0.0875
1 0.5887265135699373 0.2078125 0.11691022964509394 0.109375
8 0.7411273486430062 0.2125 0.17745302713987474 0.0890625
1 0.6680584551148225 0.309375 0.1440501043841336 0.0984375
8 0.9258872651356994 0.23984375 0.14822546972860126 0.1234375
1 0.8058455114822547 0.1125 0.1315240083507307 0.09375
1 0.954070981210856 0.0765625 0.0918580375782881 0.090625
1 0.4759916492693111 0.5796875 0.1315240083507307 0.090625
1 0.569937369519833 0.5125 0.1315240083507307 0.0984375
1 0.11899791231732777 0.4859375 0.1524008350730689 0.0921875
1 0.23799582463465555 0.5359375 0.12734864300626306 0.1015625
1 0.1544885177453027 0.58125 0.12317327766179541 0.0953125
1 0.04175365344467641 0.59375 0.08350730688935282 0.1140625
1 0.21711899791231734 0.7703125 0.12734864300626306 0.09375
1 0.34237995824634654 0.7515625 0.13987473903966596 0.109375
1 0.2860125260960334 0.8546875 0.1649269311064718 0.1015625
1 0.08350730688935282 0.9984375 0.15866388308977036 0.003125
12 0.8789144050104384 0.9578125 0.24217118997912318 0.0828125
1 0.8308977035490606 0.803125 0.17536534446764093 0.125