1 0.4384133611691023 0.9578125 0.15657620041753653 0.0828125
1 0.26931106471816285 0.95625 0.17954070981210857 0.0875
1 0.10855949895615867 0.91875 0.17118997912317327 0.128125
1 0.1649269311064718 0.83125 0.15031315240083507 0.128125
1 0.29436325678496866 0.8328125 0.1336116910229645 0.11875
1 0.36325678496868474 0.74375 0.20876826722338204 0.1671875
1 0.5949895615866388 0.8125 0.18162839248434237 0.1484375
1 0.8121085594989561 0.8828125 0.1524008350730689 0.121875
1 0.9290187891440501 0.9125 0.13987473903966596 0.1125
1 0.9373695198329853 0.828125 0.12526096033402923 0.140625
12 0.7181628392484343 0.984375 0.3173277661795407 0.03125