1 0.6764091858037579 0.5 0.17118997912317327 0.125
1 0.6784968684759917 0.665625 0.1440501043841336 0.1015625
1 0.453027139874739 0.8 0.13569937369519833 0.103125
1 0.9436325678496869 0.784375 0.1127348643006263 0.11875
5 0.9728601252609603 0.9671875 0.054279749478079335 0.0640625
1 0.033402922755741124 0.96875 0.06471816283924843 0.0609375
1 0.29227557411273486 0.8 0.16701461377870563 0.103125
12 0.09394572025052192 0.8203125 0.18789144050104384 0.175
8 0.48851774530271397 0.9453125 0.2797494780793319 0.1078125
1 0.054279749478079335 0.1390625 0.10855949895615867 0.11875
1 0.3235908141962422 0.4234375 0.13987473903966596 0.096875
1 0.4906054279749478 0.4796875 0.1336116910229645 0.1359375
13 0.4384133611691023 0.1671875 0.2860125260960334 0.29375
8 0.7244258872651357 0.040625 0.2045929018789144 0.0796875
8 0.9572025052192067 0.47109375 0.08559498956158663 0.1515625