12 0.2630480167014614 0.8515625 0.20668058455114824 0.2421875
16 0.9258872651356994 0.028125 0.14822546972860126 0.05625
1 0.755741127348643 0.071875 0.12526096033402923 0.090625
14 0.55741127348643 0.0421875 0.16910229645093947 0.084375
1 0.3048016701461378 0.0171875 0.10647181628392484 0.034375
16 0.8016701461377871 0.2296875 0.3966597077244259 0.209375
8 0.9384133611691023 0.4171875 0.12317327766179541 0.10625
1 0.7703549060542797 0.4328125 0.12526096033402923 0.1015625
1 0.34237995824634654 0.628125 0.1732776617954071 0.121875
2 0.8319415448851775 0.66328125 0.33611691022964507 0.3484375
8 0.5866388308977035 0.3921875 0.14822546972860126 0.1578125
8 0.06471816283924843 0.371875 0.12734864300626306 0.1171875
16 0.3235908141962422 0.296875 0.3757828810020877 0.24375
13 0.40292275574112735 0.115625 0.23173277661795408 0.1171875
13 0.1127348643006263 0.05 0.2254697286012526 0.0984375
1 0.6012526096033403 0.965625 0.15866388308977036 0.06875