1 0.5970772442588727 0.1375 0.16910229645093947 0.11875
1 0.2150313152400835 0.3078125 0.12317327766179541 0.090625
1 0.26931106471816285 0.38125 0.1022964509394572 0.0828125
1 0.09603340292275574 0.3609375 0.1022964509394572 0.0796875
1 0.1649269311064718 0.4140625 0.1127348643006263 0.0796875
1 0.07515657620041753 0.4140625 0.11064718162839249 0.0765625
1 0.031315240083507306 0.475 0.060542797494780795 0.078125
1 0.11482254697286012 0.5015625 0.11482254697286012 0.08125
1 0.05845511482254697 0.5734375 0.11691022964509394 0.09375
1 0.018789144050104383 0.7703125 0.03549060542797495 0.1046875
1 0.15031315240083507 0.8890625 0.12317327766179541 0.096875
1 0.2588726513569937 0.9125 0.1440501043841336 0.096875
1 0.38204592901878914 0.8625 0.15031315240083507 0.096875
1 0.6116910229645094 0.8234375 0.1419624217118998 0.1015625
1 0.6701461377870563 0.696875 0.1524008350730689 0.1078125
12 0.48643006263048016 0.6171875 0.20668058455114824 0.1125
1 0.4989561586638831 0.4109375 0.16910229645093947 0.1
8 0.6137787056367432 0.471875 0.16910229645093947 0.1109375
8 0.9321503131524008 0.91015625 0.13569937369519833 0.1328125
1 0.9926931106471816 0.8453125 0.014613778705636743 0.096875