8 0.07515657620041753 0.025 0.15031315240083507 0.05
1 0.14822546972860126 0.471875 0.12734864300626306 0.096875
1 0.5908141962421712 0.1984375 0.1544885177453027 0.1046875
1 0.430062630480167 0.109375 0.14613778705636743 0.1078125
1 0.3444676409185804 0.16875 0.12943632567849686 0.0828125
8 0.2567849686847599 0.21875 0.18997912317327767 0.103125
8 0.0041753653444676405 0.996875 0.008350730688935281 0.0046875
1 0.325678496868476 0.865625 0.09394572025052192 0.06875
15 0.031315240083507306 0.9453125 0.060542797494780795 0.090625
8 0.020876826722338204 0.853125 0.03966597077244259 0.09375
8 0.16075156576200417 0.9796875 0.13987473903966596 0.0390625
12 0.2797494780793319 0.95625 0.1315240083507307 0.0875
12 0.15866388308977036 0.91875 0.1336116910229645 0.0875
1 0.6471816283924844 0.9234375 0.10647181628392484 0.071875
1 0.6910229645093946 0.9765625 0.10855949895615867 0.0453125
1 0.5302713987473904 0.9125 0.1127348643006263 0.0921875
1 0.5532359081419624 0.8484375 0.08350730688935282 0.06875
8 0.05636743215031315 0.7578125 0.1127348643006263 0.0734375
12 0.012526096033402923 0.684375 0.022964509394572025 0.084375
8 0.016701461377870562 0.5265625 0.033402922755741124 0.1140625
1 0.05219206680584551 0.5734375 0.09603340292275574 0.078125
13 0.1524008350730689 0.609375 0.19624217118997914 0.09375
1 0.18580375782881003 0.7109375 0.1022964509394572 0.0671875
1 0.22755741127348644 0.7640625 0.09394572025052192 0.084375
1 0.2860125260960334 0.796875 0.09603340292275574 0.0671875
1 0.4613778705636743 0.803125 0.0918580375782881 0.0546875
8 0.26931106471816285 0.659375 0.1127348643006263 0.0921875
1 0.31524008350730687 0.7140625 0.081419624217119 0.0609375
8 0.3987473903966597 0.753125 0.11064718162839249 0.1078125
12 0.9634655532359081 0.62421875 0.07306889352818371 0.1328125
12 0.9624217118997912 0.9296875 0.07515657620041753 0.140625
12 0.9363256784968684 0.803125 0.12734864300626306 0.125
1 0.6263048016701461 0.796875 0.08977035490605428 0.06875
8 0.5553235908141962 0.7078125 0.10855949895615867 0.125
1 0.7244258872651357 0.7796875 0.09812108559498957 0.075
1 0.7578288100208769 0.8359375 0.09603340292275574 0.0828125
12 0.7954070981210856 0.6828125 0.15866388308977036 0.090625
1 0.8434237995824635 0.80625 0.07933194154488518 0.0796875
1 0.8016701461377871 0.7484375 0.10855949895615867 0.0578125
6 0.6367432150313153 0.5453125 0.40083507306889354 0.1671875
12 0.6137787056367432 0.4265625 0.1649269311064718 0.0984375
1 0.42379958246346555 0.4234375 0.10438413361169102 0.071875
1 0.36325678496868474 0.309375 0.10855949895615867 0.075
14 0.511482254697286 0.340625 0.16701461377870563 0.1390625