1 0.012526096033402923 0.9390625 0.022964509394572025 0.121875
8 0.08977035490605428 0.0453125 0.17745302713987474 0.090625
8 0.05010438413361169 0.2921875 0.09812108559498957 0.2421875
1 0.20668058455114824 0.2109375 0.19206680584551147 0.1375
8 0.4906054279749478 0.5328125 0.23173277661795408 0.1359375
8 0.7411273486430062 0.246875 0.21085594989561587 0.1578125
1 0.49478079331941544 0.1390625 0.17954070981210857 0.11875
8 0.36116910229645094 0.2859375 0.2359081419624217 0.18125
8 0.5198329853862212 0.3953125 0.3048016701461378 0.1328125
12 0.8569937369519833 0.1109375 0.2860125260960334 0.140625
1 0.5386221294363257 0.0109375 0.16701461377870563 0.021875
8 0.8851774530271399 0.0203125 0.20041753653444677 0.0390625