1 0.05010438413361169 0.525 0.09812108559498957 0.1109375
1 0.14613778705636743 0.4859375 0.15866388308977036 0.1046875
8 0.2755741127348643 0.4375 0.13569937369519833 0.13125
1 0.267223382045929 0.3265625 0.14613778705636743 0.1046875
13 0.08977035490605428 0.3640625 0.17745302713987474 0.165625
1 0.31315240083507306 0.221875 0.1524008350730689 0.1046875
1 0.5010438413361169 0.384375 0.16075156576200417 0.1171875
1 0.6722338204592901 0.3125 0.13987473903966596 0.0984375
8 0.5260960334029228 0.2296875 0.12734864300626306 0.1234375
14 0.6659707724425887 0.1734375 0.18162839248434237 0.1625
13 0.8225469728601252 0.1703125 0.19206680584551147 0.184375
1 0.2839248434237996 0.0921875 0.17118997912317327 0.1109375
1 0.38413361169102295 0.06875 0.12526096033402923 0.103125
1 0.5156576200417536 0.1203125 0.11691022964509394 0.08125
12 0.5302713987473904 0.046875 0.22129436325678498 0.09375
15 0.7640918580375783 0.009375 0.3048016701461378 0.01875
1 0.7223382045929019 0.04375 0.12317327766179541 0.075
8 0.930062630480167 0.025 0.13987473903966596 0.05
1 0.9436325678496869 0.1125 0.1127348643006263 0.134375