1 0.03549060542797495 0.065625 0.0709812108559499 0.13125
1 0.1419624217118998 0.140625 0.1440501043841336 0.09375
1 0.430062630480167 0.2890625 0.12526096033402923 0.1046875
13 0.6179540709812108 0.0453125 0.34029227557411273 0.0890625
1 0.8789144050104384 0.05 0.1649269311064718 0.0984375
1 0.651356993736952 0.134375 0.12108559498956159 0.084375
1 0.6993736951983298 0.2546875 0.1022964509394572 0.06875
1 0.8037578288100209 0.1734375 0.17745302713987474 0.128125
1 0.8434237995824635 0.2890625 0.07724425887265135 0.059375
1 0.9394572025052192 0.2640625 0.11482254697286012 0.078125
1 0.8413361169102297 0.24375 0.09812108559498957 0.05625
8 0.9269311064718163 0.7828125 0.14613778705636743 0.15625
1 0.5991649269311065 0.68125 0.09603340292275574 0.0671875
12 0.8037578288100209 0.7125 0.1419624217118998 0.153125
1 0.8830897703549061 0.61875 0.1022964509394572 0.0703125
8 0.837160751565762 0.5328125 0.10020876826722339 0.1234375
1 0.7286012526096033 0.6234375 0.081419624217119 0.0671875
18 0.975991649269311 0.5875 0.04801670146137787 0.225
12 0.031315240083507306 0.9734375 0.060542797494780795 0.0515625
12 0.2964509394572025 0.996875 0.19832985386221294 0.0046875
12 0.3757828810020877 0.9671875 0.22964509394572025 0.065625
8 0.14822546972860126 0.9296875 0.1336116910229645 0.0984375
12 0.07724425887265135 0.7515625 0.1524008350730689 0.0921875
13 0.08559498956158663 0.84375 0.13778705636743216 0.10625
1 0.23173277661795408 0.8203125 0.08977035490605428 0.053125
1 0.2254697286012526 0.8765625 0.06680584551148225 0.05
8 0.34029227557411273 0.859375 0.10855949895615867 0.1015625
1 0.27139874739039666 0.909375 0.09603340292275574 0.046875
12 0.4321503131524008 0.7296875 0.12317327766179541 0.0828125
1 0.430062630480167 0.8046875 0.13987473903966596 0.06875
1 0.5135699373695198 0.7796875 0.06263048016701461 0.053125
1 0.5532359081419624 0.7484375 0.0918580375782881 0.0640625
1 0.5720250521920668 0.8171875 0.11482254697286012 0.08125
1 0.5636743215031316 0.609375 0.081419624217119 0.0515625
1 0.46346555323590816 0.5234375 0.09603340292275574 0.0515625
1 0.5010438413361169 0.5765625 0.08768267223382047 0.084375
8 0.6659707724425887 0.5671875 0.1022964509394572 0.0921875
1 0.5970772442588727 0.5296875 0.081419624217119 0.0703125
8 0.5448851774530271 0.4875 0.11691022964509394 0.0890625
1 0.35281837160751567 0.565625 0.09394572025052192 0.06875
1 0.27348643006263046 0.5578125 0.07515657620041753 0.053125
1 0.1732776617954071 0.725 0.07515657620041753 0.0515625
8 0.19624217118997914 0.7703125 0.1127348643006263 0.0390625
8 0.27348643006263046 0.74375 0.1127348643006263 0.075
1 0.2546972860125261 0.6796875 0.09394572025052192 0.0484375
1 0.21711899791231734 0.6390625 0.08350730688935282 0.0625
8 0.1336116910229645 0.615625 0.0918580375782881 0.0796875
12 0.03549060542797495 0.6046875 0.0709812108559499 0.0953125
1 0.0020876826722338203 0.509375 0.0041753653444676405 0.046875
1 0.025052192066805846 0.453125 0.04801670146137787 0.0640625
1 0.06471816283924843 0.41875 0.10438413361169102 0.0546875
1 0.1524008350730689 0.4328125 0.07515657620041753 0.0546875
1 0.20041753653444677 0.46875 0.0709812108559499 0.053125
8 0.2609603340292276 0.49375 0.08768267223382047 0.0828125
1 0.16910229645093947 0.5203125 0.07515657620041753 0.0625
1 0.08559498956158663 0.540625 0.08559498956158663 0.046875
12 0.08768267223382047 0.4796875 0.11899791231732777 0.084375
1 0.08559498956158663 0.3625 0.081419624217119 0.0609375
1 0.020876826722338204 0.3265625 0.03966597077244259 0.053125
13 0.430062630480167 0.4234375 0.16910229645093947 0.090625
14 0.2881002087682672 0.3453125 0.1649269311064718 0.125
8 0.15031315240083507 0.2953125 0.12943632567849686 0.1296875
8 0.9937369519832986 0.415625 0.012526096033402923 0.0984375
1 0.9718162839248434 0.41015625 0.05636743215031315 0.0765625
13 0.9018789144050104 0.4 0.10855949895615867 0.153125
14 0.7933194154488518 0.3546875 0.15657620041753653 0.125
1 0.9676409185803758 0.33125 0.06471816283924843 0.090625
12 0.006263048016701462 0.2296875 0.010438413361169102 0.0921875