1 0.18580375782881003 0.446875 0.1440501043841336 0.115625
1 0.4279749478079332 0.446875 0.16910229645093947 0.13125
12 0.592901878914405 0.0203125 0.18997912317327767 0.0390625
1 0.5198329853862212 0.0875 0.16910229645093947 0.115625
1 0.7035490605427975 0.096875 0.1440501043841336 0.1109375
8 0.6784968684759917 0.7453125 0.15866388308977036 0.175
1 0.6200417536534447 0.575 0.15866388308977036 0.1078125
1 0.5323590814196242 0.7265625 0.1649269311064718 0.115625
1 0.407098121085595 0.8546875 0.15866388308977036 0.1234375
1 0.48851774530271397 0.96875 0.17536534446764093 0.0609375
1 0.21920668058455114 0.96875 0.16075156576200417 0.0609375