8 0.954070981210856 0.109375 0.0918580375782881 0.1796875
8 0.037578288100208766 0.2921875 0.07306889352818371 0.1796875
1 0.4384133611691023 0.021875 0.15657620041753653 0.04375
1 0.26931106471816285 0.0234375 0.17954070981210857 0.0453125
12 0.7181628392484343 0.1 0.3173277661795407 0.2
3 0.7077244258872651 0.4546875 0.3653444676409186 0.365625
1 0.42588726513569936 0.453125 0.1732776617954071 0.1125
1 0.4384133611691023 0.884375 0.16075156576200417 0.1140625
8 0.14822546972860126 0.8140625 0.18162839248434237 0.1125
8 0.2964509394572025 0.75 0.1732776617954071 0.096875
1 0.42379958246346555 0.715625 0.1649269311064718 0.09375
1 0.4759916492693111 0.65625 0.1524008350730689 0.1
1 0.15866388308977036 0.4546875 0.13778705636743216 0.090625
1 0.022964509394572025 0.9953125 0.04592901878914405 0.0078125
16 0.35490605427974947 0.971875 0.3298538622129436 0.05625
12 0.5991649269311065 0.984375 0.24008350730688935 0.03125
1 0.6847599164926931 0.9109375 0.14822546972860126 0.11875
1 0.8016701461377871 0.94375 0.15866388308977036 0.1109375
14 0.0020876826722338203 0.890625 0.0041753653444676405 0.16875
16 0.022964509394572025 0.690625 0.04592901878914405 0.21875
15 0.12943632567849686 0.6828125 0.17954070981210857 0.1484375
14 0.3089770354906054 0.5828125 0.25260960334029225 0.1625
1 0.2609603340292276 0.4828125 0.10855949895615867 0.090625
8 0.07933194154488518 0.5234375 0.15866388308977036 0.109375
8 0.1732776617954071 0.5671875 0.12108559498956159 0.1078125
8 0.9488517745302714 0.99453125 0.1022964509394572 0.0078125