1 0.13987473903966596 0.2 0.15866388308977036 0.121875
1 0.3674321503131524 0.259375 0.1315240083507307 0.11875
1 0.5281837160751566 0.26875 0.11064718162839249 0.1
1 0.6200417536534447 0.321875 0.12734864300626306 0.1078125
1 0.060542797494780795 0.8453125 0.12108559498956159 0.096875
1 0.9947807933194155 0.50234375 0.010438413361169102 0.1109375
1 0.534446764091858 0.2671875 0.10438413361169102 0.09375
1 0.6179540709812108 0.3234375 0.13569937369519833 0.1109375
1 0.37160751565762007 0.2484375 0.1440501043841336 0.0984375
1 0.1315240083507307 0.2015625 0.15866388308977036 0.1296875
1 0.8392484342379958 0.9828125 0.12526096033402923 0.034375
1 0.8789144050104384 0.9359375 0.10438413361169102 0.075
1 0.964509394572025 0.865625 0.0709812108559499 0.075
1 0.3903966597077244 0.803125 0.12734864300626306 0.0796875
1 0.5908141962421712 0.9234375 0.11899791231732777 0.0921875
8 0.7118997912317327 0.890625 0.13778705636743216 0.0828125
1 0.7286012526096033 0.81875 0.12943632567849686 0.071875
1 0.9352818371607515 0.771875 0.12317327766179541 0.0875
8 0.30062630480167013 0.703125 0.2150313152400835 0.1125
8 0.5073068893528184 0.6 0.2150313152400835 0.1109375
1 0.6304801670146137 0.50625 0.1315240083507307 0.1109375
1 0.9102296450939458 0.5984375 0.1419624217118998 0.1046875
12 0.6951983298538622 0.6171875 0.18580375782881003 0.1453125
15 0.7745302713987474 0.73125 0.22338204592901878 0.1625