8 0.0709812108559499 0.19375 0.13987473903966596 0.171875
1 0.4509394572025052 0.1875 0.1419624217118998 0.1328125
1 0.6033402922755741 0.0921875 0.1524008350730689 0.11875
11 0.8235908141962421 0.25390625 0.35281837160751567 0.5078125
2 0.15657620041753653 0.528125 0.31315240083507306 0.334375
1 0.824634655532359 0.6109375 0.13987473903966596 0.109375
8 0.7348643006263048 0.721875 0.22755741127348644 0.1609375
1 0.6179540709812108 0.80625 0.13778705636743216 0.0984375
1 0.5198329853862212 0.896875 0.12317327766179541 0.109375
12 0.33402922755741127 0.965625 0.27348643006263046 0.06875
14 0.31106471816283926 0.7875 0.20041753653444677 0.2671875
1 0.10020876826722339 0.740625 0.12526096033402923 0.0984375
17 0.07724425887265135 0.928125 0.1524008350730689 0.1421875