1 0.18580375782881003 0.9953125 0.1440501043841336 0.009375
8 0.9039665970772442 0.9890625 0.10855949895615867 0.021875
1 0.06471816283924843 0.83125 0.12943632567849686 0.09375
1 0.24425887265135698 0.9015625 0.13987473903966596 0.0859375
1 0.24843423799582465 0.809375 0.15657620041753653 0.1015625
1 0.4175365344467641 0.7921875 0.12526096033402923 0.09375
1 0.5553235908141962 0.865625 0.12317327766179541 0.1078125
1 0.7056367432150313 0.865625 0.1419624217118998 0.1125
8 0.17745302713987474 0.6171875 0.13778705636743216 0.1390625
8 0.38204592901878914 0.5890625 0.22338204592901878 0.1125
16 0.05219206680584551 0.1859375 0.1022964509394572 0.225
1 0.17536534446764093 0.084375 0.1544885177453027 0.0984375
1 0.022964509394572025 0.325 0.04384133611691023 0.1125
14 0.15866388308977036 0.384375 0.31524008350730687 0.25
14 0.4780793319415449 0.3609375 0.24217118997912318 0.3109375
1 0.954070981210856 0.1609375 0.0918580375782881 0.1015625
14 0.8319415448851775 0.65390625 0.33611691022964507 0.2765625