8 0.9446764091858038 0.68515625 0.11064718162839249 0.1671875
12 0.5073068893528184 0.128125 0.23382045929018788 0.1875
1 0.8413361169102297 0.2890625 0.17118997912317327 0.121875
1 0.7807933194154488 0.5421875 0.1649269311064718 0.134375
1 0.7348643006263048 0.675 0.14822546972860126 0.115625
1 0.7348643006263048 0.834375 0.15866388308977036 0.0984375
1 0.7348643006263048 0.9390625 0.1127348643006263 0.0765625
5 0.9728601252609603 0.2953125 0.054279749478079335 0.5890625
12 0.9164926931106472 0.990625 0.16701461377870563 0.01875
1 0.162839248434238 0.2484375 0.15031315240083507 0.1046875
1 0.06889352818371608 0.4171875 0.13569937369519833 0.109375
1 0.016701461377870562 0.28125 0.031315240083507306 0.11875
1 0.4154488517745303 0.7234375 0.13778705636743216 0.134375
1 0.2588726513569937 0.625 0.07515657620041753 0.1046875
1 0.033402922755741124 0.01875 0.06471816283924843 0.0359375
8 0.48851774530271397 0.003125 0.2797494780793319 0.0046875
1 0.7098121085594989 0.1828125 0.12317327766179541 0.10625