1 0.9853862212943633 0.1859375 0.029227557411273485 0.1328125
8 0.534446764091858 0.9609375 0.12317327766179541 0.078125
1 0.4613778705636743 0.890625 0.10855949895615867 0.0828125
1 0.6075156576200418 0.8734375 0.12734864300626306 0.1
1 0.7453027139874739 0.79375 0.12108559498956159 0.09375
1 0.7724425887265136 0.9765625 0.11064718162839249 0.0453125
1 0.837160751565762 0.946875 0.11691022964509394 0.09375
1 0.964509394572025 0.9546875 0.0709812108559499 0.0890625
1 0.8663883089770354 0.8546875 0.10438413361169102 0.090625
1 0.9457202505219207 0.871875 0.10855949895615867 0.08125
1 0.6430062630480167 0.684375 0.10855949895615867 0.0765625
8 0.9634655532359081 0.66640625 0.07306889352818371 0.1140625
8 0.9801670146137788 0.57265625 0.03966597077244259 0.1171875
1 0.8705636743215032 0.5859375 0.12526096033402923 0.103125
1 0.6638830897703549 0.6171875 0.10438413361169102 0.0609375
1 0.7494780793319415 0.5375 0.09394572025052192 0.0828125
1 0.6659707724425887 0.55625 0.08559498956158663 0.0703125
1 0.6993736951983298 0.34375 0.12108559498956159 0.0921875
15 0.8924843423799582 0.4171875 0.2150313152400835 0.178125
13 0.5448851774530271 0.5046875 0.17536534446764093 0.1703125
1 0.2045929018789144 0.9609375 0.1524008350730689 0.078125
1 0.037578288100208766 0.9359375 0.07515657620041753 0.06875
8 0.10438413361169102 0.7984375 0.20668058455114824 0.084375
1 0.14822546972860126 0.7234375 0.16075156576200417 0.0859375
13 0.21294363256784968 0.5921875 0.24425887265135698 0.203125
1 0.25260960334029225 0.1953125 0.13569937369519833 0.1109375
8 0.22338204592901878 0.3078125 0.13778705636743216 0.1015625
1 0.3444676409185804 0.471875 0.14613778705636743 0.075
1 0.3778705636743215 0.4078125 0.1127348643006263 0.0734375
1 0.29436325678496866 0.365625 0.12526096033402923 0.1109375
1 0.4342379958246347 0.315625 0.13987473903966596 0.096875
1 0.5615866388308977 0.240625 0.13778705636743216 0.0921875
1 0.6534446764091858 0.15625 0.12108559498956159 0.1
1 0.7265135699373695 0.059375 0.1419624217118998 0.096875
12 0.4342379958246347 0.0875 0.2755741127348643 0.175