1 0.2588726513569937 0.015625 0.17118997912317327 0.0296875
8 0.1440501043841336 0.1875 0.2881002087682672 0.1578125
1 0.022964509394572025 0.30625 0.04384133611691023 0.1171875
8 0.7807933194154488 0.0125 0.16701461377870563 0.0234375
8 0.9405010438413361 0.06171875 0.11899791231732777 0.1234375
1 0.9384133611691023 0.21015625 0.12317327766179541 0.0984375
1 0.5866388308977035 0.178125 0.1419624217118998 0.09375
1 0.7599164926931107 0.2765625 0.15657620041753653 0.13125
1 0.6179540709812108 0.4484375 0.1732776617954071 0.109375
1 0.605427974947808 0.559375 0.15031315240083507 0.0984375
1 0.7056367432150313 0.6734375 0.13778705636743216 0.103125
1 0.21294363256784968 0.4734375 0.12317327766179541 0.1140625
1 0.9551148225469729 0.53046875 0.08977035490605428 0.1140625