8 0.7870563674321504 0.2203125 0.14822546972860126 0.1671875
1 0.9248434237995825 0.9953125 0.15031315240083507 0.0078125
1 0.5845511482254697 0.971875 0.12734864300626306 0.0546875
8 0.26931106471816285 0.9890625 0.13987473903966596 0.0203125
1 0.8434237995824635 0.6 0.14822546972860126 0.10625
8 0.569937369519833 0.425 0.22338204592901878 0.134375
8 0.3235908141962422 0.453125 0.24425887265135698 0.109375
1 0.25052192066805845 0.56875 0.14613778705636743 0.090625
1 0.2797494780793319 0.6796875 0.16075156576200417 0.096875
1 0.5636743215031316 0.6671875 0.14613778705636743 0.1109375
1 0.4112734864300626 0.0875 0.1649269311064718 0.1265625
1 0.9853862212943633 0.0453125 0.029227557411273485 0.090625