1 0.016701461377870562 0.4625 0.031315240083507306 0.1578125
8 0.9321503131524008 0.046875 0.13569937369519833 0.09375
1 0.9509394572025052 0.1640625 0.09812108559498957 0.13125
1 0.38204592901878914 0.00625 0.18789144050104384 0.0109375
1 0.5741127348643006 0.059375 0.16910229645093947 0.1171875
1 0.9488517745302714 0.70546875 0.1022964509394572 0.1390625
1 0.3048016701461378 0.5828125 0.30062630480167013 0.234375
8 0.4718162839248434 0.4109375 0.20876826722338204 0.190625
12 0.0918580375782881 0.834375 0.18162839248434237 0.2
1 0.21294363256784968 0.925 0.16701461377870563 0.15
1 0.4509394572025052 0.853125 0.19832985386221294 0.1359375
1 0.5073068893528184 0.9359375 0.16075156576200417 0.1171875
1 0.407098121085595 0.9734375 0.162839248434238 0.0515625
15 0.15031315240083507 0.221875 0.24425887265135698 0.246875
12 0.3674321503131524 0.08125 0.24634655532359082 0.1375
1 0.35281837160751567 0.1859375 0.15866388308977036 0.078125
8 0.3653444676409186 0.2765625 0.1837160751565762 0.1