12 0.6221294363256785 0.9515625 0.40083507306889354 0.0953125
8 0.3778705636743215 0.765625 0.21711899791231734 0.1828125
8 0.033402922755741124 0.828125 0.06471816283924843 0.1953125
8 0.8559498956158664 0.88125 0.1837160751565762 0.128125
1 0.9457202505219207 0.803125 0.10855949895615867 0.1125
1 0.988517745302714 0.8828125 0.022964509394572025 0.1375
1 0.5657620041753654 0.65 0.18162839248434237 0.1296875
1 0.6847599164926931 0.5890625 0.1941544885177453 0.1296875
1 0.5824634655532359 0.446875 0.16701461377870563 0.121875
1 0.6931106471816284 0.3265625 0.16701461377870563 0.1296875
1 0.9509394572025052 0.66484375 0.09812108559498957 0.1140625
12 0.8736951983298539 0.471875 0.25260960334029225 0.196875
12 0.48643006263048016 0.1609375 0.24843423799582465 0.2203125
1 0.2588726513569937 0.3046875 0.1649269311064718 0.128125
13 0.006263048016701462 0.43125 0.010438413361169102 0.203125
13 0.16701461377870563 0.46875 0.31524008350730687 0.20625
1 0.25260960334029225 0.121875 0.1440501043841336 0.1109375
1 0.12317327766179541 0.0640625 0.24425887265135698 0.1265625
8 0.022964509394572025 0.00625 0.04384133611691023 0.0125
8 0.7369519832985386 0.0234375 0.20876826722338204 0.0453125
1 0.988517745302714 0.21796875 0.022964509394572025 0.1328125
8 0.8559498956158664 0.19375 0.23173277661795408 0.1734375
1 0.9331941544885177 0.0546875 0.12108559498956159 0.0953125
1 0.9843423799582464 0.02578125 0.031315240083507306 0.0515625