1 0.17536534446764093 0.49375 0.17118997912317327 0.1359375
1 0.12317327766179541 0.9921875 0.24425887265135698 0.015625
8 0.022964509394572025 0.9328125 0.04384133611691023 0.1328125
1 0.060542797494780795 0.6578125 0.11899791231732777 0.134375
12 0.04801670146137787 0.7953125 0.09394572025052192 0.103125
12 0.7035490605427975 0.5078125 0.2359081419624217 0.1921875
8 0.9864300626304802 0.49296875 0.027139874739039668 0.1640625
8 0.7369519832985386 0.925 0.20876826722338204 0.1484375
1 0.9446764091858038 0.7265625 0.11064718162839249 0.146875
1 0.8872651356993737 0.8328125 0.13778705636743216 0.1015625
1 0.8935281837160751 0.928125 0.14613778705636743 0.1
8 0.9864300626304802 0.91015625 0.027139874739039668 0.1328125
1 0.9843423799582464 0.9796875 0.031315240083507306 0.040625
8 0.012526096033402923 0.228125 0.025052192066805846 0.13125
8 0.08559498956158663 0.23125 0.16910229645093947 0.15
8 0.07515657620041753 0.0390625 0.14822546972860126 0.0765625
8 0.15866388308977036 0.134375 0.18162839248434237 0.1453125
1 0.4279749478079332 0.1078125 0.1524008350730689 0.1234375
8 0.27139874739039666 0.075 0.13987473903966596 0.1484375
1 0.3674321503131524 0.009375 0.1440501043841336 0.0171875
1 0.7265135699373695 0.0328125 0.16910229645093947 0.065625
17 0.9237995824634656 0.128125 0.1524008350730689 0.25625