1 0.36116910229645094 0.0203125 0.13569937369519833 0.0390625
1 0.651356993736952 0.0265625 0.13778705636743216 0.053125
1 0.7870563674321504 0.1125 0.13569937369519833 0.0984375
1 0.9164926931106472 0.0421875 0.1315240083507307 0.0828125
13 0.9133611691022965 0.2765625 0.1732776617954071 0.18125
1 0.9676409185803758 0.59296875 0.06471816283924843 0.1140625
1 0.605427974947808 0.59375 0.14822546972860126 0.121875
1 0.35908141962421714 0.6671875 0.16910229645093947 0.125
1 0.11899791231732777 0.803125 0.14822546972860126 0.1046875
1 0.04801670146137787 0.965625 0.09394572025052192 0.06875
1 0.020876826722338204 0.5171875 0.04175365344467641 0.0921875
1 0.04384133611691023 0.4171875 0.08559498956158663 0.0953125
1 0.05636743215031315 0.29375 0.11064718162839249 0.0953125
1 0.2860125260960334 0.246875 0.1315240083507307 0.1046875
14 0.23173277661795408 0.4015625 0.22964509394572025 0.1484375
13 0.020876826722338204 0.109375 0.04175365344467641 0.1375
13 0.16910229645093947 0.1078125 0.24425887265135698 0.2
1 0.020876826722338204 0.003125 0.04175365344467641 0.00625
1 0.6534446764091858 0.8671875 0.1419624217118998 0.109375
18 0.407098121085595 0.8859375 0.3173277661795407 0.228125