8 0.006263048016701462 0.0625 0.012526096033402923 0.1234375
1 0.014613778705636743 0.2109375 0.029227557411273485 0.0984375
1 0.020876826722338204 0.53125 0.04175365344467641 0.1140625
1 0.17118997912317327 0.5515625 0.14613778705636743 0.1171875
1 0.17536534446764093 0.6734375 0.17118997912317327 0.0875
12 0.453027139874739 0.6484375 0.18162839248434237 0.18125
1 0.6534446764091858 0.66875 0.14613778705636743 0.103125
1 0.6137787056367432 0.8296875 0.18580375782881003 0.0921875
1 0.965553235908142 0.83828125 0.06889352818371608 0.0796875
1 0.35073068893528186 0.45 0.1732776617954071 0.1125
1 0.4342379958246347 0.340625 0.17536534446764093 0.1109375
8 0.7160751565762005 0.428125 0.16701461377870563 0.1265625
8 0.9112734864300627 0.5421875 0.17745302713987474 0.090625
1 0.918580375782881 0.3765625 0.12317327766179541 0.084375
14 0.9968684759916493 0.46796875 0.006263048016701462 0.1328125
12 0.407098121085595 0.0640625 0.17745302713987474 0.125
5 0.6283924843423799 0.1546875 0.4112734864300626 0.1875
1 0.8830897703549061 0.2046875 0.12108559498956159 0.0890625
8 0.954070981210856 0.2796875 0.0918580375782881 0.096875
7 0.9446764091858038 0.17890625 0.11064718162839249 0.2140625