1 0.006263048016701462 0.8375 0.010438413361169102 0.0890625
1 0.04592901878914405 0.984375 0.0918580375782881 0.03125
1 0.12734864300626306 0.9953125 0.09812108559498957 0.0078125
13 0.22964509394572025 0.93125 0.2609603340292276 0.1265625
1 0.4154488517745303 0.965625 0.10855949895615867 0.0671875
13 0.06263048016701461 0.64375 0.12526096033402923 0.2546875
1 0.12526096033402923 0.490625 0.12526096033402923 0.1015625
1 0.3048016701461378 0.5109375 0.29227557411273486 0.1671875
1 0.7369519832985386 0.35625 0.17954070981210857 0.121875
1 0.430062630480167 0.6765625 0.12317327766179541 0.0890625
1 0.4759916492693111 0.6234375 0.11482254697286012 0.0890625
8 0.6033402922755741 0.6 0.1440501043841336 0.1171875
1 0.7745302713987474 0.65625 0.14613778705636743 0.1109375
1 0.9290187891440501 0.8125 0.11899791231732777 0.090625
1 0.824634655532359 0.9109375 0.12317327766179541 0.090625
14 0.5636743215031316 0.9875 0.1837160751565762 0.0234375
1 0.7536534446764092 0.9890625 0.12108559498956159 0.021875
17 0.6471816283924844 0.8609375 0.2755741127348643 0.278125
1 0.9624217118997912 0.634375 0.07515657620041753 0.0984375
1 0.9436325678496869 0.528125 0.11064718162839249 0.0828125
1 0.9989561586638831 0.540625 0.0020876826722338203 0.078125
1 0.9906054279749478 0.45625 0.018789144050104383 0.08125