1 0.930062630480167 0.46484375 0.13987473903966596 0.1328125
8 0.348643006263048 0.5109375 0.21920668058455114 0.2078125
1 0.1649269311064718 0.5875 0.21711899791231734 0.153125
1 0.4592901878914405 0.6703125 0.19206680584551147 0.1578125
1 0.651356993736952 0.81875 0.21294363256784968 0.190625
1 0.24634655532359082 0.934375 0.24634655532359082 0.13125
8 0.05636743215031315 0.78125 0.1127348643006263 0.278125
13 0.9091858037578288 0.7234375 0.18162839248434237 0.28125
1 0.7494780793319415 0.9625 0.19624217118997914 0.0734375
1 0.894572025052192 0.984375 0.21085594989561587 0.03125
12 0.965553235908142 0.21875 0.06889352818371608 0.2
1 0.7536534446764092 0.1015625 0.20668058455114824 0.1484375
1 0.8789144050104384 0.1703125 0.17536534446764093 0.15625
1 0.42171189979123175 0.01875 0.18997912317327767 0.0359375
1 0.07515657620041753 0.075 0.15031315240083507 0.15