1 0.0041753653444676405 0.0546875 0.008350730688935281 0.109375
1 0.014613778705636743 0.3375 0.027139874739039668 0.175
1 0.08559498956158663 0.3125 0.17118997912317327 0.1671875
1 0.17745302713987474 0.2375 0.18162839248434237 0.1796875
8 0.3987473903966597 0.296875 0.2546972860125261 0.190625
1 0.5594989561586639 0.221875 0.15657620041753653 0.1765625
1 0.7223382045929019 0.275 0.13987473903966596 0.1765625
8 0.8956158663883089 0.2078125 0.20876826722338204 0.16875
12 0.31524008350730687 0.0546875 0.4154488517745303 0.1078125
12 0.8778705636743215 0.77109375 0.24425887265135698 0.1796875
1 0.4968684759916493 0.684375 0.21085594989561587 0.128125
1 0.5553235908141962 0.79375 0.19206680584551147 0.128125
1 0.8016701461377871 0.575 0.21085594989561587 0.1390625
1 0.9989561586638831 0.8953125 0.0020876826722338203 0.134375
1 0.7536534446764092 0.9359375 0.14822546972860126 0.1265625
8 0.07306889352818371 0.93125 0.14613778705636743 0.121875
1 0.2150313152400835 0.9546875 0.13569937369519833 0.0890625
8 0.3569937369519833 0.9140625 0.22129436325678498 0.1703125
8 0.569937369519833 0.9328125 0.20668058455114824 0.1328125
15 0.9112734864300627 0.025 0.17745302713987474 0.05