12 0.7745302713987474 0.0375 0.18997912317327767 0.075
14 0.37160751565762007 0.121875 0.34237995824634654 0.1671875
8 0.791231732776618 0.140625 0.19624217118997914 0.1203125
1 0.9676409185803758 0.2109375 0.06471816283924843 0.09375
1 0.9436325678496869 0.3234375 0.1127348643006263 0.0953125
1 0.22964509394572025 0.2875 0.0709812108559499 0.0546875
1 0.9039665970772442 0.5984375 0.1315240083507307 0.0984375
8 0.6680584551148225 0.271875 0.1649269311064718 0.08125
1 0.7536534446764092 0.3703125 0.12943632567849686 0.08125
1 0.615866388308977 0.359375 0.10020876826722339 0.0734375
1 0.511482254697286 0.290625 0.12943632567849686 0.1171875
8 0.38204592901878914 0.465625 0.21085594989561587 0.1203125
1 0.615866388308977 0.4921875 0.1336116910229645 0.090625
1 0.605427974947808 0.590625 0.1315240083507307 0.0828125
1 0.6805845511482255 0.68125 0.13569937369519833 0.0828125
16 0.07933194154488518 0.028125 0.15657620041753653 0.05625
1 0.06889352818371608 0.1125 0.11482254697286012 0.075
16 0.025052192066805846 0.2296875 0.04801670146137787 0.209375
8 0.054279749478079335 0.4171875 0.10647181628392484 0.10625
2 0.08350730688935282 0.6640625 0.1649269311064718 0.3484375
14 0.36325678496868474 0.7125 0.3883089770354906 0.3078125
12 0.8392484342379958 0.815625 0.2567849686847599 0.1375
1 0.9968684759916493 0.821875 0.006263048016701462 0.090625