1 0.49478079331941544 0.9828125 0.2254697286012526 0.0328125
8 0.17954070981210857 0.75 0.22964509394572025 0.1640625
1 0.5302713987473904 0.73125 0.17954070981210857 0.11875
1 0.7369519832985386 0.7703125 0.18162839248434237 0.125
1 0.9467640918580376 0.77734375 0.10647181628392484 0.1421875
1 0.94258872651357 0.378125 0.11482254697286012 0.125
1 0.7891440501043842 0.3109375 0.17954070981210857 0.1171875
8 0.7870563674321504 0.0296875 0.21711899791231734 0.059375
12 0.4718162839248434 0.478125 0.4342379958246347 0.2328125
8 0.13569937369519833 0.3296875 0.23173277661795408 0.2125
12 0.016701461377870562 0.2125 0.031315240083507306 0.2359375