1 0.954070981210856 0.065625 0.0918580375782881 0.13125
8 0.031315240083507306 0.0859375 0.06263048016701461 0.10625
1 0.16910229645093947 0.3296875 0.15866388308977036 0.1046875
1 0.15657620041753653 0.1640625 0.13569937369519833 0.0734375
1 0.17536534446764093 0.096875 0.09812108559498957 0.06875
1 0.24217118997912318 0.084375 0.07724425887265135 0.0796875
1 0.2964509394572025 0.10625 0.08768267223382047 0.0859375
1 0.40292275574112735 0.1609375 0.12317327766179541 0.0875
1 0.5448851774530271 0.2859375 0.12108559498956159 0.0640625
1 0.5365344467640919 0.2203125 0.12108559498956159 0.0671875
14 0.6137787056367432 0.121875 0.18789144050104384 0.1765625
13 0.06889352818371608 0.453125 0.13569937369519833 0.1453125
1 0.10855949895615867 0.6 0.13778705636743216 0.1
1 0.24425887265135698 0.603125 0.11482254697286012 0.0796875
1 0.35281837160751567 0.6171875 0.10855949895615867 0.075
1 0.4384133611691023 0.571875 0.10020876826722339 0.078125
1 0.5198329853862212 0.628125 0.12943632567849686 0.0890625
1 0.3569937369519833 0.4625 0.16701461377870563 0.1265625
8 0.10855949895615867 0.8109375 0.16701461377870563 0.0984375
4 0.08559498956158663 0.95625 0.17118997912317327 0.0875
1 0.20250521920668058 0.7390625 0.10647181628392484 0.0828125
8 0.3444676409185804 0.75 0.13987473903966596 0.096875
8 0.2630480167014614 0.8453125 0.14822546972860126 0.103125
1 0.3465553235908142 0.8953125 0.12526096033402923 0.059375
1 0.33194154488517746 0.95 0.14613778705636743 0.065625
8 0.42171189979123175 0.99375 0.1022964509394572 0.0125
1 0.3235908141962422 0.98125 0.10438413361169102 0.0375
1 0.49478079331941544 0.8109375 0.11899791231732777 0.090625
1 0.55741127348643 0.8890625 0.10438413361169102 0.0796875
8 0.6367432150313153 0.8046875 0.1440501043841336 0.1296875
1 0.824634655532359 0.7203125 0.1419624217118998 0.1125
12 0.7411273486430062 0.9296875 0.1127348643006263 0.1390625
12 0.9509394572025052 0.97265625 0.09812108559498957 0.0515625
12 0.9728601252609603 0.7515625 0.054279749478079335 0.0921875
12 0.9634655532359081 0.60390625 0.07306889352818371 0.0953125
1 0.8851774530271399 0.5765625 0.08350730688935282 0.06875
1 0.9352818371607515 0.534375 0.09394572025052192 0.05625
1 0.975991649269311 0.509375 0.04801670146137787 0.046875
1 0.8204592901878914 0.4984375 0.09394572025052192 0.0703125
1 0.8997912317327766 0.471875 0.08768267223382047 0.0625
1 0.964509394572025 0.453125 0.0709812108559499 0.0546875
1 0.9937369519832986 0.453125 0.012526096033402923 0.0640625
1 0.975991649269311 0.3265625 0.04801670146137787 0.053125
1 0.9290187891440501 0.4015625 0.07933194154488518 0.0453125
1 0.9603340292275574 0.3625 0.05845511482254697 0.0375
12 0.8434237995824635 0.1734375 0.162839248434238 0.13125
12 0.9488517745302714 0.22890625 0.1022964509394572 0.0921875
1 0.8747390396659708 0.25 0.081419624217119 0.0625
1 0.49478079331941544 0.3828125 0.1127348643006263 0.075
13 0.6096033402922756 0.4828125 0.21085594989561587 0.1515625
8 0.6805845511482255 0.3734375 0.1336116910229645 0.084375
1 0.7411273486430062 0.434375 0.10647181628392484 0.0609375
1 0.8288100208768268 0.4265625 0.07515657620041753 0.065625
12 0.7828810020876826 0.3515625 0.10020876826722339 0.084375
12 0.8705636743215032 0.3203125 0.1315240083507307 0.0875