1 0.36116910229645094 0.0046875 0.16701461377870563 0.009375
1 0.5678496868475992 0.265625 0.13569937369519833 0.1
12 0.5219206680584552 0.1421875 0.22129436325678498 0.1296875
8 0.05219206680584551 0.05625 0.1022964509394572 0.1109375
1 0.9394572025052192 0.0328125 0.1127348643006263 0.065625
1 0.8350730688935282 0.0953125 0.13569937369519833 0.090625
1 0.9592901878914405 0.1296875 0.081419624217119 0.0875
12 0.8643006263048016 0.19375 0.20041753653444677 0.1234375
1 0.5511482254697286 0.4296875 0.12317327766179541 0.0890625
12 0.4363256784968685 0.359375 0.15031315240083507 0.1203125
14 0.33194154488517746 0.4828125 0.24217118997912318 0.14375
1 0.1336116910229645 0.7671875 0.11691022964509394 0.078125
1 0.24425887265135698 0.6515625 0.12108559498956159 0.0890625
1 0.348643006263048 0.703125 0.12943632567849686 0.05
1 0.3736951983298539 0.653125 0.1127348643006263 0.0640625
1 0.4342379958246347 0.6078125 0.12734864300626306 0.0796875
1 0.081419624217119 0.434375 0.10855949895615867 0.0828125
1 0.12526096033402923 0.3734375 0.12526096033402923 0.0890625
13 0.006263048016701462 0.4171875 0.012526096033402923 0.196875
17 0.06680584551148225 0.6109375 0.1315240083507307 0.1703125