8 0.6179540709812108 0.009375 0.18162839248434237 0.0171875
14 0.06889352818371608 0.1265625 0.13778705636743216 0.2421875
1 0.2254697286012526 0.2203125 0.15866388308977036 0.10625
1 0.2150313152400835 0.3578125 0.16910229645093947 0.1265625
1 0.020876826722338204 0.5375 0.04175365344467641 0.1515625
8 0.5887265135699373 0.1984375 0.2985386221294363 0.140625
1 0.302713987473904 0.63125 0.1544885177453027 0.1125
13 0.5135699373695198 0.5703125 0.2045929018789144 0.15
8 0.35281837160751567 0.5296875 0.1732776617954071 0.1265625
15 0.4822546972860125 0.40625 0.31315240083507306 0.225
1 0.4321503131524008 0.6953125 0.12108559498956159 0.1046875
8 0.1649269311064718 0.7296875 0.19832985386221294 0.140625
1 0.05636743215031315 0.8921875 0.1127348643006263 0.09375
1 0.13987473903966596 0.83125 0.13987473903966596 0.0921875
1 0.3883089770354906 0.8484375 0.10020876826722339 0.0875
1 0.29436325678496866 0.834375 0.1022964509394572 0.084375
1 0.37160751565762007 0.7703125 0.15031315240083507 0.0875
1 0.31106471816283926 0.9453125 0.1315240083507307 0.109375
1 0.1837160751565762 0.9296875 0.1127348643006263 0.084375
8 0.08559498956158663 0.9640625 0.17118997912317327 0.0703125