1 0.511482254697286 0.0109375 0.24008350730688935 0.021875
1 0.8935281837160751 0.553125 0.1837160751565762 0.1578125
12 0.29227557411273486 0.453125 0.22755741127348644 0.146875
1 0.453027139874739 0.5734375 0.18997912317327767 0.128125
1 0.5615866388308977 0.79375 0.1649269311064718 0.11875
8 0.6179540709812108 0.9265625 0.18162839248434237 0.146875
8 0.9290187891440501 0.9484375 0.13569937369519833 0.1015625
1 0.7703549060542797 0.946875 0.13778705636743216 0.10625
8 0.7870563674321504 0.784375 0.23382045929018788 0.2015625
1 0.9373695198329853 0.85625 0.11064718162839249 0.0859375
1 0.09812108559498957 0.8796875 0.1524008350730689 0.10625
1 0.2630480167014614 0.703125 0.24425887265135698 0.278125
8 0.0041753653444676405 0.7828125 0.008350730688935281 0.15625
18 0.07933194154488518 0.5875 0.15657620041753653 0.225
8 0.05219206680584551 0.415625 0.1022964509394572 0.0984375
1 0.0020876826722338203 0.4109375 0.0041753653444676405 0.0765625
1 0.022964509394572025 0.33125 0.04592901878914405 0.090625