1 0.0020876826722338203 0.2421875 0.0020876826722338203 0.1015625
1 0.05636743215031315 0.1703125 0.1127348643006263 0.109375
1 0.24843423799582465 0.240625 0.1524008350730689 0.1078125
1 0.4801670146137787 0.3703125 0.081419624217119 0.06875
1 0.5803757828810021 0.121875 0.12317327766179541 0.103125
8 0.3778705636743215 0.459375 0.1315240083507307 0.1
8 0.267223382045929 0.5546875 0.16701461377870563 0.0921875
8 0.060542797494780795 0.7796875 0.11899791231732777 0.0734375
1 0.14613778705636743 0.6953125 0.12108559498956159 0.0671875
8 0.5448851774530271 0.246875 0.11899791231732777 0.1125
8 0.6889352818371608 0.046875 0.14613778705636743 0.0921875