1 0.7118997912317327 0.9671875 0.22338204592901878 0.0640625
1 0.3778705636743215 0.9734375 0.20668058455114824 0.0515625
1 0.09394572025052192 0.9546875 0.18580375782881003 0.090625
1 0.6951983298538622 0.75 0.21085594989561587 0.1625
1 0.9081419624217119 0.8765625 0.1837160751565762 0.16875
1 0.0041753653444676405 0.9109375 0.008350730688935281 0.1265625
15 0.06889352818371608 0.6484375 0.13778705636743216 0.384375
12 0.18580375782881003 0.3703125 0.25260960334029225 0.2203125
14 0.4363256784968685 0.3109375 0.2609603340292276 0.309375
14 0.8319415448851775 0.103125 0.33611691022964507 0.20625
1 0.6597077244258872 0.38125 0.17745302713987474 0.1296875
8 0.7494780793319415 0.5125 0.2797494780793319 0.178125
8 0.907098121085595 0.36015625 0.18580375782881003 0.2234375