1 0.033402922755741124 0.8390625 0.06680584551148225 0.0796875
8 0.025052192066805846 0.5421875 0.05010438413361169 0.090625
14 0.12526096033402923 0.46875 0.24843423799582465 0.1328125
12 0.33611691022964507 0.525 0.2150313152400835 0.1375
1 0.6743215031315241 0.4421875 0.1127348643006263 0.0734375
8 0.07724425887265135 0.0453125 0.09812108559498957 0.0890625
17 0.860125260960334 0.0453125 0.2797494780793319 0.090625
16 0.8549060542797495 0.29140625 0.29018789144050106 0.1921875
1 0.44258872651356995 0.015625 0.12317327766179541 0.0296875
8 0.6304801670146137 0.0859375 0.1419624217118998 0.1234375
3 0.5490605427974948 0.31875 0.32150313152400833 0.2484375
12 0.19624217118997914 0.3453125 0.32150313152400833 0.0859375
8 0.03549060542797495 0.2796875 0.06889352818371608 0.096875
7 0.2755741127348643 0.1796875 0.5490605427974948 0.2140625