8 0.060542797494780795 0.20625 0.11899791231732777 0.0953125
8 0.7035490605427975 0.0609375 0.25260960334029225 0.121875
1 0.9269311064718163 0.240625 0.14613778705636743 0.1171875
1 0.8413361169102297 0.6703125 0.11899791231732777 0.084375
1 0.6868475991649269 0.765625 0.12108559498956159 0.1
1 0.40292275574112735 0.775 0.12734864300626306 0.096875
1 0.55741127348643 0.8453125 0.12108559498956159 0.0984375
8 0.8872651356993737 0.8 0.1336116910229645 0.115625
8 0.9509394572025052 0.9546875 0.09812108559498957 0.084375
12 0.7745302713987474 0.9640625 0.18997912317327767 0.0703125
8 0.09812108559498957 0.4859375 0.14822546972860126 0.146875
13 0.34237995824634654 0.5953125 0.38204592901878914 0.21875
1 0.4112734864300626 0.9 0.11691022964509394 0.0921875
1 0.6764091858037579 0.88125 0.10020876826722339 0.0828125
16 0.07933194154488518 0.965625 0.15657620041753653 0.06875