15 0.11899791231732777 0.86875 0.2359081419624217 0.2609375
1 0.04384133611691023 0.425 0.08559498956158663 0.1421875
1 0.20250521920668058 0.4296875 0.16075156576200417 0.1375
1 0.33820459290187893 0.540625 0.1837160751565762 0.1625
1 0.5365344467640919 0.7796875 0.21294363256784968 0.159375
1 0.6200417536534447 0.275 0.17536534446764093 0.1515625
1 0.778705636743215 0.3171875 0.18789144050104384 0.1609375
1 0.930062630480167 0.46171875 0.13987473903966596 0.1578125
12 0.615866388308977 0.571875 0.3903966597077244 0.234375
8 0.10438413361169102 0.0484375 0.20668058455114824 0.0953125
12 0.954070981210856 0.834375 0.0918580375782881 0.2