1 0.027139874739039668 0.5375 0.054279749478079335 0.10625
1 0.029227557411273485 0.4046875 0.05845511482254697 0.103125
1 0.10020876826722339 0.821875 0.1440501043841336 0.09375
1 0.022964509394572025 0.9015625 0.04592901878914405 0.0921875
1 0.18162839248434237 0.9984375 0.09812108559498957 0.0015625
1 0.081419624217119 0.9890625 0.10647181628392484 0.0203125
1 0.16701461377870563 0.953125 0.12734864300626306 0.090625
1 0.2254697286012526 0.890625 0.12734864300626306 0.096875
17 0.27139874739039666 0.584375 0.2839248434237996 0.2140625
8 0.1440501043841336 0.7125 0.16701461377870563 0.1109375
13 0.2881002087682672 0.753125 0.1732776617954071 0.1234375
8 0.3695198329853862 0.3734375 0.25260960334029225 0.1296875
8 0.5594989561586639 0.0203125 0.2045929018789144 0.040625
8 0.7098121085594989 0.0765625 0.15031315240083507 0.1515625
1 0.5490605427974948 0.109375 0.1419624217118998 0.10625
1 0.32150313152400833 0.0109375 0.16075156576200417 0.0203125
8 0.38204592901878914 0.1078125 0.20250521920668058 0.1859375
12 0.029227557411273485 0.0015625 0.05845511482254697 0.003125