8 0.15866388308977036 0.9359375 0.17536534446764093 0.1265625
1 0.29227557411273486 0.940625 0.1440501043841336 0.1046875
1 0.2359081419624217 0.821875 0.1315240083507307 0.1046875
1 0.18580375782881003 0.61875 0.14822546972860126 0.0953125
1 0.2609603340292276 0.7 0.1419624217118998 0.09375
1 0.31941544885177453 0.625 0.1315240083507307 0.1
1 0.20876826722338204 0.5171875 0.14822546972860126 0.1046875
1 0.04801670146137787 0.521875 0.09394572025052192 0.125
1 0.4175365344467641 0.5109375 0.162839248434238 0.0953125
8 0.4112734864300626 0.4234375 0.17118997912317327 0.084375
1 0.3569937369519833 0.353125 0.12943632567849686 0.0828125
15 0.6325678496868476 0.3015625 0.42379958246346555 0.16875
1 0.7891440501043842 0.4671875 0.1419624217118998 0.0875
1 0.826722338204593 0.4125 0.10020876826722339 0.071875
1 0.94258872651357 0.39921875 0.11482254697286012 0.1046875
1 0.7599164926931107 0.7578125 0.1315240083507307 0.0796875
1 0.3903966597077244 0.7890625 0.09603340292275574 0.09375
1 0.4801670146137787 0.815625 0.09812108559498957 0.078125
12 0.5302713987473904 0.73125 0.1837160751565762 0.1015625
1 0.6200417536534447 0.678125 0.16701461377870563 0.075
1 0.6409185803757829 0.8359375 0.1336116910229645 0.090625
1 0.7014613778705637 0.91875 0.11899791231732777 0.096875
1 0.7849686847599165 0.9765625 0.15031315240083507 0.046875
1 0.8016701461377871 0.9296875 0.10438413361169102 0.06875
1 0.9937369519832986 0.9296875 0.012526096033402923 0.103125
14 0.8914405010438413 0.8484375 0.17745302713987474 0.1453125
1 0.9123173277661796 0.728125 0.11899791231732777 0.065625
1 0.9749478079331941 0.7734375 0.05010438413361169 0.0734375
1 0.9989561586638831 0.74453125 0.0020876826722338203 0.0546875
14 0.9467640918580376 0.675 0.10647181628392484 0.109375
12 0.9728601252609603 0.575 0.054279749478079335 0.0796875