1 0.24425887265135698 0.7921875 0.12734864300626306 0.0671875
1 0.33194154488517746 0.5984375 0.12734864300626306 0.0875
1 0.3903966597077244 0.6703125 0.12734864300626306 0.0953125
1 0.4551148225469729 0.73125 0.10647181628392484 0.0828125
1 0.162839248434238 0.5671875 0.1315240083507307 0.090625
1 0.09394572025052192 0.6234375 0.11064718162839249 0.1046875
1 0.022964509394572025 0.6203125 0.04384133611691023 0.0921875
1 0.020876826722338204 0.44375 0.04175365344467641 0.103125
12 0.025052192066805846 0.059375 0.05010438413361169 0.11875
12 0.014613778705636743 0.00625 0.029227557411273485 0.0125
8 0.3674321503131524 0.41875 0.14613778705636743 0.0953125
1 0.4384133611691023 0.49375 0.14822546972860126 0.0828125
1 0.5073068893528184 0.4515625 0.11482254697286012 0.090625
1 0.42379958246346555 0.35 0.12526096033402923 0.08125
1 0.453027139874739 0.3125 0.12526096033402923 0.06875
8 0.5636743215031316 0.3125 0.15031315240083507 0.103125
1 0.6304801670146137 0.2625 0.12734864300626306 0.0890625
1 0.8684759916492694 0.25625 0.1336116910229645 0.075
1 0.918580375782881 0.3171875 0.12943632567849686 0.0765625
1 0.9123173277661796 0.3890625 0.12734864300626306 0.08125
12 0.7473903966597077 0.3546875 0.17745302713987474 0.13125
8 0.9467640918580376 0.11015625 0.10647181628392484 0.1234375
1 0.27348643006263046 0.2609375 0.12943632567849686 0.0765625
1 0.2546972860125261 0.2046875 0.11899791231732777 0.08125
1 0.36116910229645094 0.221875 0.10438413361169102 0.078125
1 0.31941544885177453 0.1640625 0.13569937369519833 0.0703125
8 0.325678496868476 0.0890625 0.11691022964509394 0.103125
1 0.27348643006263046 0.0390625 0.12734864300626306 0.078125
8 0.7536534446764092 0.0265625 0.16075156576200417 0.053125