1 0.027139874739039668 0.803125 0.054279749478079335 0.1125
1 0.081419624217119 0.8828125 0.16075156576200417 0.1375
1 0.5490605427974948 0.9390625 0.2818371607515658 0.121875
1 0.2860125260960334 0.80625 0.1649269311064718 0.146875
1 0.3068893528183716 0.6640625 0.17118997912317327 0.1328125
1 0.4279749478079332 0.734375 0.17536534446764093 0.1453125
1 0.4801670146137787 0.565625 0.1941544885177453 0.2109375
1 0.031315240083507306 0.665625 0.06263048016701461 0.1140625
12 0.020876826722338204 0.471875 0.03966597077244259 0.196875
1 0.16701461377870563 0.0515625 0.1649269311064718 0.103125
1 0.06263048016701461 0.21875 0.12526096033402923 0.1328125
1 0.04592901878914405 0.0265625 0.08977035490605428 0.0515625
1 0.24634655532359082 0.284375 0.16701461377870563 0.1171875
1 0.24008350730688935 0.1609375 0.12108559498956159 0.084375
14 0.3924843423799583 0.190625 0.18580375782881003 0.2
8 0.5386221294363257 0.1625 0.1127348643006263 0.1671875
1 0.5073068893528184 0.025 0.12734864300626306 0.0484375
1 0.6283924843423799 0.003125 0.13778705636743216 0.00625
13 0.7515657620041754 0.04375 0.27139874739039666 0.0875
1 0.9164926931106472 0.44375 0.13569937369519833 0.1109375
8 0.9634655532359081 0.534375 0.07306889352818371 0.134375
14 0.7494780793319415 0.471875 0.17954070981210857 0.246875
15 0.8528183716075156 0.28359375 0.29436325678496866 0.1390625
15 0.81419624217119 0.165625 0.3173277661795407 0.1421875