8 0.19206680584551147 0.93125 0.2254697286012526 0.1375
12 0.016701461377870562 0.853125 0.031315240083507306 0.2921875
1 0.012526096033402923 0.4609375 0.025052192066805846 0.171875
1 0.10438413361169102 0.3515625 0.19624217118997914 0.140625
1 0.2860125260960334 0.384375 0.17954070981210857 0.1375
1 0.6492693110647182 0.396875 0.17536534446764093 0.1234375
1 0.7202505219206681 0.6125 0.162839248434238 0.128125
13 0.1649269311064718 0.7109375 0.23382045929018788 0.1921875
1 0.8308977035490606 0.9796875 0.16910229645093947 0.040625
8 0.81419624217119 0.775 0.2150313152400835 0.1265625
1 0.8705636743215032 0.878125 0.1544885177453027 0.11875
12 0.9697286012526096 0.9328125 0.060542797494780795 0.134375
12 0.6409185803757829 0.8125 0.1732776617954071 0.1640625
12 0.6116910229645094 0.953125 0.22755741127348644 0.09375
17 0.4321503131524008 0.76875 0.30062630480167013 0.2921875
1 0.5386221294363257 0.66875 0.16075156576200417 0.10625
14 0.4175365344467641 0.5421875 0.3068893528183716 0.171875
1 0.44467640918580376 0.2421875 0.18580375782881003 0.13125
13 0.18789144050104384 0.1484375 0.3736951983298539 0.221875
18 0.29227557411273486 0.025 0.3757828810020877 0.05
12 0.592901878914405 0.1265625 0.2546972860125261 0.125
1 0.8559498956158664 0.0390625 0.12734864300626306 0.0765625
1 0.9592901878914405 0.03984375 0.081419624217119 0.0796875
1 0.6951983298538622 0.0109375 0.12317327766179541 0.021875
1 0.6012526096033403 0.0484375 0.1336116910229645 0.0671875
12 0.5511482254697286 0.0109375 0.13778705636743216 0.0203125
12 0.8987473903966597 0.375 0.20250521920668058 0.10625
1 0.9801670146137788 0.45390625 0.03966597077244259 0.1109375
1 0.988517745302714 0.33125 0.022964509394572025 0.08125
1 0.9154488517745303 0.27734375 0.16910229645093947 0.1015625
15 0.9352818371607515 0.19375 0.12943632567849686 0.1625