1 0.1022964509394572 0.46875 0.2045929018789144 0.1671875
1 0.5803757828810021 0.346875 0.18997912317327767 0.13125
8 0.5657620041753654 0.5078125 0.23382045929018788 0.1796875
1 0.7202505219206681 0.6328125 0.1941544885177453 0.128125
8 0.930062630480167 0.29140625 0.13987473903966596 0.1796875
1 0.9018789144050104 0.4390625 0.162839248434238 0.1234375
18 0.29227557411273486 0.890625 0.3757828810020877 0.21875
1 0.8559498956158664 0.990625 0.12734864300626306 0.0171875
1 0.9592901878914405 0.99453125 0.081419624217119 0.0078125
1 0.6951983298538622 0.96875 0.12317327766179541 0.0625
12 0.5511482254697286 0.940625 0.13778705636743216 0.1171875
13 0.6471816283924844 0.875 0.15657620041753653 0.1203125
1 0.5720250521920668 0.75625 0.16701461377870563 0.1078125
12 0.7494780793319415 0.821875 0.162839248434238 0.0984375
1 0.5031315240083507 0.8453125 0.13778705636743216 0.0890625
1 0.8308977035490606 0.9296875 0.10438413361169102 0.075
14 0.907098121085595 0.890625 0.18580375782881003 0.16875
16 0.8872651356993737 0.690625 0.2254697286012526 0.21875
8 0.9906054279749478 0.5234375 0.018789144050104383 0.109375