1 0.06889352818371608 0.3390625 0.13569937369519833 0.1046875
8 0.060542797494780795 0.2 0.11899791231732777 0.1796875
8 0.15866388308977036 0.0203125 0.17536534446764093 0.0390625
1 0.7974947807933194 0.1375 0.16075156576200417 0.1109375
8 0.9509394572025052 0.0859375 0.09812108559498957 0.10625
1 0.7494780793319415 0.0421875 0.16701461377870563 0.0734375
1 0.7849686847599165 0.0078125 0.15031315240083507 0.015625
8 0.6075156576200418 0.3265625 0.2359081419624217 0.15625
12 0.4989561586638831 0.571875 0.34029227557411273 0.1875
8 0.3444676409185804 0.834375 0.20876826722338204 0.175
1 0.430062630480167 0.9609375 0.18789144050104384 0.0765625
1 0.7160751565762005 0.71875 0.14613778705636743 0.103125
1 0.8893528183716075 0.70625 0.12526096033402923 0.0765625
1 0.8747390396659708 0.8125 0.1336116910229645 0.11875
8 0.778705636743215 0.8765625 0.2045929018789144 0.15
12 0.8684759916492694 0.5796875 0.1524008350730689 0.1375
1 0.7954070981210856 0.459375 0.1440501043841336 0.0984375
1 0.9144050104384134 0.475 0.12108559498956159 0.08125
13 0.9530271398747391 0.45234375 0.09394572025052192 0.1453125
4 0.9342379958246346 0.95625 0.1315240083507307 0.0875