1 0.9373695198329853 0.9140625 0.12526096033402923 0.1125
1 0.988517745302714 0.98046875 0.022964509394572025 0.0359375
1 0.8580375782881002 0.9875 0.17954070981210857 0.025
1 0.5741127348643006 0.9734375 0.21085594989561587 0.0515625
1 0.0918580375782881 0.9 0.1837160751565762 0.15625
8 0.988517745302714 0.8125 0.022964509394572025 0.1625
1 0.9467640918580376 0.27734375 0.10647181628392484 0.1421875
1 0.7682672233820459 0.2484375 0.16075156576200417 0.1359375
1 0.5762004175365344 0.0703125 0.1315240083507307 0.078125
1 0.6012526096033403 0.16875 0.13778705636743216 0.09375
1 0.3674321503131524 0.3453125 0.2045929018789144 0.121875
1 0.31106471816283926 0.2625 0.13778705636743216 0.090625
1 0.44258872651356995 0.246875 0.1419624217118998 0.090625
8 0.4133611691022965 0.1484375 0.1336116910229645 0.1140625
8 0.06471816283924843 0.25 0.12734864300626306 0.153125
4 0.08559498956158663 0.0828125 0.17118997912317327 0.165625
1 0.27139874739039666 0.0703125 0.12317327766179541 0.0921875
8 0.42171189979123175 0.0328125 0.1022964509394572 0.065625
1 0.3235908141962422 0.0203125 0.10438413361169102 0.040625
12 0.7411273486430062 0.009375 0.1127348643006263 0.0171875
1 0.8183716075156576 0.0625 0.12943632567849686 0.08125
1 0.837160751565762 0.134375 0.12317327766179541 0.0796875
1 0.9509394572025052 0.12421875 0.09812108559498957 0.0921875
12 0.9509394572025052 0.01796875 0.09812108559498957 0.0359375
1 0.988517745302714 0.0671875 0.022964509394572025 0.0875