1 0.23382045929018788 0.0296875 0.18580375782881003 0.059375
8 0.9937369519832986 0.025 0.012526096033402923 0.05
1 0.6784968684759917 0.2640625 0.16910229645093947 0.10625
1 0.8559498956158664 0.3234375 0.1315240083507307 0.0890625
8 0.06680584551148225 0.9625 0.1315240083507307 0.075
1 0.0020876826722338203 0.8234375 0.0041753653444676405 0.1015625
1 0.05845511482254697 0.8328125 0.10647181628392484 0.0890625
1 0.14613778705636743 0.7859375 0.11064718162839249 0.084375
1 0.22338204592901878 0.84375 0.12317327766179541 0.090625
8 0.07933194154488518 0.6796875 0.15657620041753653 0.13125
8 0.016701461377870562 0.303125 0.031315240083507306 0.096875
1 0.081419624217119 0.3625 0.13987473903966596 0.1
14 0.3068893528183716 0.3203125 0.20250521920668058 0.1734375
1 0.23173277661795408 0.4859375 0.12526096033402923 0.065625
1 0.23382045929018788 0.4140625 0.12317327766179541 0.0703125
1 0.5511482254697286 0.91875 0.1315240083507307 0.1015625
1 0.19624217118997914 0.9953125 0.11064718162839249 0.009375
8 0.35281837160751567 0.98125 0.1649269311064718 0.0359375
1 0.19832985386221294 0.5984375 0.12108559498956159 0.08125
1 0.24634655532359082 0.6625 0.1022964509394572 0.075
8 0.34029227557411273 0.721875 0.14822546972860126 0.1171875
1 0.3089770354906054 0.640625 0.1022964509394572 0.0625
13 0.826722338204593 0.9953125 0.13778705636743216 0.0078125
8 0.7265135699373695 0.9578125 0.1419624217118998 0.084375
8 0.9592901878914405 0.99609375 0.081419624217119 0.0046875
1 0.837160751565762 0.9546875 0.06471816283924843 0.0640625
15 0.9321503131524008 0.9453125 0.13569937369519833 0.090625
8 0.8559498956158664 0.809375 0.1022964509394572 0.084375
8 0.9509394572025052 0.853125 0.09812108559498957 0.09375
15 0.5866388308977035 0.3859375 0.25260960334029225 0.16875
18 0.4822546972860125 0.540625 0.34237995824634654 0.1328125
1 0.4509394572025052 0.646875 0.08559498956158663 0.078125
1 0.5365344467640919 0.6234375 0.09603340292275574 0.078125
1 0.592901878914405 0.7765625 0.09603340292275574 0.0734375
1 0.534446764091858 0.7046875 0.08977035490605428 0.0703125
12 0.7118997912317327 0.8078125 0.1336116910229645 0.1015625
12 0.6659707724425887 0.7234375 0.1419624217118998 0.0671875
8 0.9801670146137788 0.75703125 0.03966597077244259 0.0734375
13 0.8350730688935282 0.696875 0.16910229645093947 0.121875
1 0.8851774530271399 0.628125 0.09394572025052192 0.0609375
12 0.9384133611691023 0.684375 0.12317327766179541 0.084375
8 0.8580375782881002 0.48125 0.1336116910229645 0.1265625
1 0.6430062630480167 0.6015625 0.07724425887265135 0.0515625
1 0.6638830897703549 0.5625 0.07306889352818371 0.0421875
1 0.7118997912317327 0.5203125 0.08768267223382047 0.05625
1 0.7974947807933194 0.559375 0.1022964509394572 0.0703125
1 0.732776617954071 0.5765625 0.0709812108559499 0.0578125
1 0.6096033402922756 0.671875 0.07724425887265135 0.06875
1 0.6743215031315241 0.65625 0.06680584551148225 0.0609375
1 0.732776617954071 0.646875 0.06680584551148225 0.0640625
1 0.7807933194154488 0.615625 0.09394572025052192 0.053125
8 0.9551148225469729 0.52578125 0.08977035490605428 0.1140625