1 0.7745302713987474 0.9328125 0.18789144050104384 0.1125
13 0.5887265135699373 0.984375 0.29227557411273486 0.0296875
8 0.5678496868475992 0.928125 0.17118997912317327 0.121875
1 0.6263048016701461 0.8296875 0.12317327766179541 0.1203125
8 0.778705636743215 0.771875 0.20876826722338204 0.1875
8 0.3736951983298539 0.6765625 0.15866388308977036 0.15625
8 0.4759916492693111 0.3859375 0.18162839248434237 0.15625
8 0.4572025052192067 0.5390625 0.162839248434238 0.1265625
1 0.5177453027139874 0.6328125 0.12108559498956159 0.090625
1 0.5908141962421712 0.7171875 0.14822546972860126 0.0890625
1 0.6659707724425887 0.5609375 0.13987473903966596 0.096875
1 0.778705636743215 0.525 0.13778705636743216 0.1078125
1 0.6868475991649269 0.4515625 0.14822546972860126 0.1046875
12 0.8308977035490606 0.3765625 0.2045929018789144 0.1125
1 0.6450939457202505 0.28125 0.17536534446764093 0.1390625
1 0.9906054279749478 0.33828125 0.018789144050104383 0.1046875
12 0.9081419624217119 0.253125 0.1315240083507307 0.153125
8 0.9780793319415448 0.19921875 0.04384133611691023 0.1796875
8 0.7369519832985386 0.10625 0.17745302713987474 0.1765625
1 0.7411273486430062 0.0046875 0.16075156576200417 0.0078125