14 0.9488517745302714 0.49375 0.1022964509394572 0.18125
1 0.697286012526096 0.30625 0.1315240083507307 0.09375
1 0.8058455114822547 0.375 0.1127348643006263 0.0921875
1 0.9405010438413361 0.33515625 0.11899791231732777 0.0984375
1 0.9697286012526096 0.21171875 0.060542797494780795 0.0921875
8 0.6931106471816284 0.1796875 0.2150313152400835 0.128125
1 0.8204592901878914 0.0828125 0.15031315240083507 0.121875
1 0.31524008350730687 0.025 0.09812108559498957 0.0484375
1 0.40501043841336115 0.0875 0.1022964509394572 0.0921875
1 0.9718162839248434 0.01640625 0.05636743215031315 0.0328125
1 0.6471816283924844 0.0125 0.162839248434238 0.025