8 0.08768267223382047 0.49375 0.17536534446764093 0.1640625
1 0.94258872651357 0.23046875 0.11482254697286012 0.1359375
1 0.031315240083507306 0.7265625 0.060542797494780795 0.146875
8 0.16075156576200417 0.7171875 0.1524008350730689 0.153125
8 0.24008350730688935 0.8265625 0.1315240083507307 0.121875
1 0.16701461377870563 0.9921875 0.1649269311064718 0.015625
8 0.081419624217119 0.9109375 0.16075156576200417 0.1328125
1 0.04592901878914405 0.9796875 0.08977035490605428 0.040625
12 0.4196242171189979 0.878125 0.1732776617954071 0.1609375
1 0.592901878914405 0.7765625 0.17745302713987474 0.103125
1 0.2150313152400835 0.025 0.17954070981210857 0.05
1 0.6638830897703549 0.009375 0.16910229645093947 0.01875
17 0.081419624217119 0.128125 0.16075156576200417 0.25625
17 0.453027139874739 0.271875 0.44467640918580376 0.35
1 0.7954070981210856 0.534375 0.1544885177453027 0.125
1 0.918580375782881 0.5125 0.1440501043841336 0.109375
15 0.9665970772442589 0.5734375 0.06680584551148225 0.18125
8 0.9822546972860126 0.71953125 0.03549060542797495 0.0953125
1 0.9572025052192067 0.82890625 0.08559498956158663 0.1078125
1 0.8121085594989561 0.8734375 0.14822546972860126 0.109375
1 0.9509394572025052 0.94453125 0.09812108559498957 0.0953125
1 0.6388308977035491 0.859375 0.1419624217118998 0.090625
1 0.5073068893528184 0.9765625 0.12734864300626306 0.0453125
1 0.6283924843423799 0.959375 0.13778705636743216 0.08125
13 0.7515657620041754 0.9765625 0.27139874739039666 0.0453125