8 0.5177453027139874 0.984375 0.20876826722338204 0.03125
8 0.09394572025052192 0.946875 0.18580375782881003 0.1046875
1 0.1419624217118998 0.2359375 0.16910229645093947 0.1265625
8 0.06889352818371608 0.0828125 0.13569937369519833 0.1640625
1 0.6367432150313153 0.509375 0.1315240083507307 0.10625
8 0.7640918580375783 0.4859375 0.15031315240083507 0.134375
12 0.9832985386221295 0.515625 0.033402922755741124 0.1671875
1 0.4592901878914405 0.0734375 0.11691022964509394 0.078125
1 0.5073068893528184 0.1390625 0.12108559498956159 0.0875
1 0.55741127348643 0.05 0.1419624217118998 0.0984375
1 0.9081419624217119 0.003125 0.1127348643006263 0.0046875
8 0.8288100208768268 0.05 0.14822546972860126 0.0984375
8 0.9853862212943633 0.0109375 0.029227557411273485 0.0203125
8 0.9373695198329853 0.0671875 0.12526096033402923 0.0921875
3 0.7348643006263048 0.271875 0.31315240083507306 0.2484375
1 0.9634655532359081 0.29296875 0.07306889352818371 0.0765625
12 0.954070981210856 0.396875 0.0918580375782881 0.121875
12 0.9968684759916493 0.175 0.006263048016701462 0.16875