1 0.5323590814196242 0.0046875 0.10855949895615867 0.0078125
1 0.6492693110647182 0.0109375 0.10438413361169102 0.021875
1 0.6555323590814196 0.0671875 0.11691022964509394 0.071875
1 0.7640918580375783 0.0484375 0.09812108559498957 0.0765625
1 0.8559498956158664 0.0234375 0.10020876826722339 0.0453125
1 0.7891440501043842 0.0015625 0.1022964509394572 0.003125
1 0.9739039665970772 0.0015625 0.05219206680584551 0.003125
8 0.9634655532359081 0.03359375 0.07306889352818371 0.0640625
8 0.8622129436325678 0.1296875 0.12526096033402923 0.0921875
13 0.9968684759916493 0.20546875 0.006263048016701462 0.1453125
8 0.9634655532359081 0.20234375 0.07306889352818371 0.1015625
8 0.9572025052192067 0.10859375 0.08559498956158663 0.0953125
8 0.5219206680584552 0.36875 0.12317327766179541 0.0765625
1 0.162839248434238 0.9078125 0.18997912317327767 0.1203125
12 0.5302713987473904 0.9875 0.22129436325678498 0.0234375
15 0.7640918580375783 0.9171875 0.3048016701461378 0.165625
8 0.930062630480167 0.97421875 0.13987473903966596 0.0484375
13 0.9352818371607515 0.6421875 0.12943632567849686 0.1859375
1 0.5532359081419624 0.578125 0.12108559498956159 0.09375
1 0.4613778705636743 0.6859375 0.15657620041753653 0.1015625
13 0.8079331941544885 0.2359375 0.2254697286012526 0.096875
1 0.9478079331941545 0.28125 0.09812108559498957 0.071875
1 0.615866388308977 0.1515625 0.09812108559498957 0.071875
1 0.592901878914405 0.290625 0.10647181628392484 0.0734375
2 0.7286012526096033 0.3890625 0.2860125260960334 0.203125
8 0.7661795407098121 0.5015625 0.09394572025052192 0.0859375
15 0.9217118997912317 0.39453125 0.15657620041753653 0.1765625
8 0.8329853862212944 0.59375 0.08768267223382047 0.09375
12 0.8559498956158664 0.515625 0.12317327766179541 0.0625
15 0.6826722338204593 0.6703125 0.22755741127348644 0.19375
1 0.1127348643006263 0.0078125 0.13778705636743216 0.015625
8 0.3173277661795407 0.075 0.21085594989561587 0.0984375
12 0.12943632567849686 0.16875 0.15657620041753653 0.153125
8 0.0709812108559499 0.534375 0.13987473903966596 0.134375
15 0.014613778705636743 0.284375 0.029227557411273485 0.1390625
1 0.31106471816283926 0.3046875 0.12108559498956159 0.0828125
1 0.3298538622129436 0.178125 0.10855949895615867 0.078125
14 0.46555323590814196 0.190625 0.16910229645093947 0.21875
6 0.33194154488517746 0.484375 0.29018789144050106 0.33125
1 0.24425887265135698 0.715625 0.1649269311064718 0.10625