1 0.12526096033402923 0.528125 0.1524008350730689 0.09375
1 0.23382045929018788 0.43125 0.16075156576200417 0.1296875
14 0.08977035490605428 0.75625 0.17745302713987474 0.2203125
1 0.3757828810020877 0.0234375 0.15657620041753653 0.046875
1 0.5407098121085595 0.009375 0.14613778705636743 0.0171875
1 0.9081419624217119 0.053125 0.13778705636743216 0.10625
8 0.9342379958246346 0.20546875 0.1315240083507307 0.0953125
8 0.4906054279749478 0.4328125 0.15031315240083507 0.1796875
8 0.6388308977035491 0.5515625 0.1336116910229645 0.121875
12 0.8872651356993737 0.64375 0.2045929018789144 0.19375
1 0.35281837160751567 0.6953125 0.15657620041753653 0.1125
8 0.6200417536534447 0.7375 0.17954070981210857 0.153125
14 0.8058455114822547 0.853125 0.23382045929018788 0.1875
16 0.9258872651356994 0.965625 0.14822546972860126 0.06875
14 0.55741127348643 0.9109375 0.16910229645093947 0.178125
1 0.3048016701461378 0.975 0.10647181628392484 0.05
1 0.09603340292275574 0.9203125 0.13987473903966596 0.078125
13 0.1127348643006263 0.9859375 0.2254697286012526 0.0265625