1 0.4384133611691023 0.9546875 0.24217118997912318 0.090625
8 0.03549060542797495 0.5421875 0.06889352818371608 0.24375
1 0.0709812108559499 0.803125 0.1419624217118998 0.184375
1 0.4968684759916493 0.5703125 0.20668058455114824 0.1546875
8 0.5845511482254697 0.7375 0.2985386221294363 0.2296875
12 0.29018789144050106 0.215625 0.2818371607515658 0.2390625
1 0.3778705636743215 0.425 0.24008350730688935 0.1734375
1 0.894572025052192 0.18828125 0.21085594989561587 0.1421875
1 0.94258872651357 0.740625 0.11482254697286012 0.196875
1 0.7828810020876826 0.0375 0.18162839248434237 0.075
8 0.5866388308977035 0.015625 0.22129436325678498 0.0296875
13 0.35490605427974947 0.0171875 0.2254697286012526 0.034375
8 0.15866388308977036 0.034375 0.1524008350730689 0.06875