1 0.07724425887265135 0.0015625 0.12108559498956159 0.0015625
8 0.11482254697286012 0.05625 0.15031315240083507 0.1109375
1 0.19624217118997914 0.0171875 0.12734864300626306 0.034375
1 0.07933194154488518 0.1859375 0.15657620041753653 0.1328125
1 0.3048016701461378 0.121875 0.13987473903966596 0.0984375
1 0.3778705636743215 0.05 0.13778705636743216 0.0875
1 0.4509394572025052 0.0265625 0.1315240083507307 0.053125
1 0.7578288100208769 0.0125 0.1440501043841336 0.025
8 0.9405010438413361 0.1359375 0.11899791231732777 0.090625
12 0.975991649269311 0.253125 0.04801670146137787 0.140625
1 0.2797494780793319 0.2671875 0.1440501043841336 0.1
1 0.2150313152400835 0.328125 0.14613778705636743 0.1015625
1 0.3674321503131524 0.4578125 0.1524008350730689 0.115625
1 0.7703549060542797 0.403125 0.13778705636743216 0.1109375
8 0.6200417536534447 0.4953125 0.13987473903966596 0.10625
8 0.5469728601252609 0.5875 0.16701461377870563 0.1484375
1 0.9509394572025052 0.39140625 0.09812108559498957 0.1015625
8 0.5156576200417536 0.903125 0.1732776617954071 0.1078125
1 0.49478079331941544 0.7296875 0.11899791231732777 0.08125
1 0.5010438413361169 0.8078125 0.12734864300626306 0.0796875
1 0.36116910229645094 0.9703125 0.13569937369519833 0.059375
1 0.906054279749478 0.659375 0.14613778705636743 0.1140625
1 0.5782881002087683 0.6765625 0.11064718162839249 0.0703125
1 0.6576200417536534 0.703125 0.11064718162839249 0.0765625
13 0.7390396659707724 0.8046875 0.20250521920668058 0.1390625
1 0.7724425887265136 0.7125 0.10855949895615867 0.0640625
1 0.8830897703549061 0.83125 0.0918580375782881 0.0875
1 0.9613778705636743 0.8296875 0.07724425887265135 0.10625
1 0.651356993736952 0.9734375 0.13778705636743216 0.053125
1 0.9164926931106472 0.9984375 0.1315240083507307 0.003125
1 0.9352818371607515 0.9578125 0.12943632567849686 0.075
1 0.020876826722338204 0.9546875 0.04175365344467641 0.0890625
8 0.04801670146137787 0.6671875 0.09394572025052192 0.1140625
8 0.06471816283924843 0.5734375 0.12734864300626306 0.1171875
15 0.012526096033402923 0.4171875 0.022964509394572025 0.178125