1 0.9676409185803758 0.65390625 0.06471816283924843 0.1453125
1 0.826722338204593 0.5578125 0.20041753653444677 0.16875
1 0.6012526096033403 0.3171875 0.15657620041753653 0.1421875
1 0.7620041753653445 0.365625 0.15866388308977036 0.159375
12 0.2881002087682672 0.2 0.23173277661795408 0.140625
8 0.04175365344467641 0.2921875 0.08350730688935282 0.1046875
8 0.07515657620041753 0.39375 0.11482254697286012 0.1078125
1 0.19206680584551147 0.303125 0.1419624217118998 0.1171875
8 0.18580375782881003 0.471875 0.2045929018789144 0.13125
1 0.1315240083507307 0.5953125 0.1544885177453027 0.0984375
13 0.0041753653444676405 0.575 0.006263048016701462 0.16875
12 0.3966597077244259 0.7796875 0.2045929018789144 0.2484375
1 0.03549060542797495 0.9984375 0.0709812108559499 0.003125
13 0.6179540709812108 0.94375 0.34029227557411273 0.1125
1 0.8789144050104384 0.98125 0.1649269311064718 0.0375