1 0.48643006263048016 0.975 0.13778705636743216 0.0484375
8 0.9780793319415448 0.99296875 0.04384133611691023 0.0109375
8 0.06889352818371608 0.940625 0.13569937369519833 0.11875
1 0.2797494780793319 0.959375 0.12317327766179541 0.0796875
8 0.13569937369519833 0.6375 0.13569937369519833 0.1453125
1 0.3444676409185804 0.825 0.09812108559498957 0.0921875
1 0.44467640918580376 0.7765625 0.11691022964509394 0.0875
1 0.3569937369519833 0.7171875 0.12317327766179541 0.0984375
12 0.48851774530271397 0.625 0.19832985386221294 0.1125
1 0.18789144050104384 0.88125 0.10438413361169102 0.0703125
12 0.11899791231732777 0.7953125 0.2045929018789144 0.1140625
1 0.31315240083507306 0.546875 0.14613778705636743 0.125
8 0.38204592901878914 0.346875 0.16701461377870563 0.1546875
12 0.4509394572025052 0.1625 0.2818371607515658 0.1921875
1 0.7035490605427975 0.58125 0.13987473903966596 0.090625
15 0.651356993736952 0.4640625 0.3068893528183716 0.175
12 0.8653444676409185 0.1890625 0.26931106471816285 0.153125
1 0.8977035490605428 0.053125 0.14822546972860126 0.10625