1 0.7682672233820459 0.86875 0.17536534446764093 0.109375
1 0.5762004175365344 0.9296875 0.162839248434238 0.1328125
1 0.9551148225469729 0.80625 0.08977035490605428 0.1375
1 0.7974947807933194 0.7046875 0.16910229645093947 0.1328125
1 0.7098121085594989 0.521875 0.16910229645093947 0.1296875
1 0.48434237995824636 0.403125 0.1419624217118998 0.109375
13 0.4780793319415449 0.6828125 0.3465553235908142 0.2421875
8 0.10438413361169102 0.6859375 0.20668058455114824 0.1671875
1 0.3173277661795407 0.434375 0.1544885177453027 0.1265625
5 0.12317327766179541 0.2953125 0.24634655532359082 0.5890625
12 0.025052192066805846 0.990625 0.04801670146137787 0.01875