1 0.31524008350730687 0.975 0.09812108559498957 0.05
1 0.9718162839248434 0.965625 0.05636743215031315 0.06875
1 0.6471816283924844 0.9578125 0.162839248434238 0.0828125
1 0.1544885177453027 0.7890625 0.10647181628392484 0.0765625
1 0.534446764091858 0.7609375 0.13778705636743216 0.0828125
8 0.6075156576200418 0.859375 0.17745302713987474 0.115625
8 0.7661795407098121 0.821875 0.1315240083507307 0.1125
1 0.8643006263048016 0.7703125 0.12734864300626306 0.0890625
12 0.7494780793319415 0.684375 0.19832985386221294 0.115625
1 0.3757828810020877 0.64375 0.13778705636743216 0.1046875
1 0.18789144050104384 0.5875 0.13987473903966596 0.1078125
1 0.13778705636743216 0.421875 0.13987473903966596 0.1046875
1 0.24217118997912318 0.4703125 0.12734864300626306 0.0875
1 0.34029227557411273 0.4890625 0.11691022964509394 0.1140625
1 0.6116910229645094 0.6375 0.1022964509394572 0.0640625
8 0.6597077244258872 0.5734375 0.11691022964509394 0.09375
13 0.5762004175365344 0.4515625 0.20668058455114824 0.1625
1 0.8058455114822547 0.5203125 0.11899791231732777 0.1015625
1 0.9144050104384134 0.471875 0.11691022964509394 0.0796875
1 0.964509394572025 0.5171875 0.0709812108559499 0.0921875
1 0.9801670146137788 0.41640625 0.03966597077244259 0.0953125
12 0.7870563674321504 0.3875 0.2150313152400835 0.078125
1 0.9968684759916493 0.29296875 0.006263048016701462 0.0953125
15 0.8517745302713987 0.2953125 0.2776617954070981 0.1578125
13 0.8736951983298539 0.109375 0.25260960334029225 0.1375
1 0.6764091858037579 0.090625 0.13569937369519833 0.1
2 0.48434237995824636 0.225 0.32150313152400833 0.2109375
12 0.44258872651356995 0.06875 0.2359081419624217 0.09375
8 0.534446764091858 0.0125 0.12317327766179541 0.025
1 0.7724425887265136 0.0203125 0.11064718162839249 0.0390625
1 0.964509394572025 0.003125 0.0709812108559499 0.00625
1 0.2045929018789144 0.015625 0.1524008350730689 0.0296875
8 0.04175365344467641 0.2109375 0.08350730688935282 0.15
1 0.06889352818371608 0.0578125 0.13778705636743216 0.1046875