1 0.081419624217119 0.953125 0.16075156576200417 0.09375
12 0.7515657620041754 0.9140625 0.36325678496868474 0.171875
8 0.19206680584551147 0.0234375 0.2254697286012526 0.0453125
1 0.592901878914405 0.6828125 0.2651356993736952 0.1984375
1 0.1649269311064718 0.2859375 0.2609603340292276 0.1796875
13 0.033402922755741124 0.7328125 0.06471816283924843 0.3296875
12 0.016701461377870562 0.0140625 0.031315240083507306 0.0265625
1 0.9175365344467641 0.51171875 0.1649269311064718 0.1515625
1 0.9530271398747391 0.40234375 0.09394572025052192 0.1609375
1 0.8308977035490606 0.3359375 0.18789144050104384 0.13125
8 0.9217118997912317 0.1765625 0.15657620041753653 0.134375
8 0.7265135699373695 0.171875 0.22964509394572025 0.1734375
1 0.8308977035490606 0.0390625 0.16910229645093947 0.0765625
12 0.9697286012526096 0.03359375 0.060542797494780795 0.0671875
12 0.6116910229645094 0.040625 0.22755741127348644 0.0796875