8 0.592901878914405 0.5234375 0.162839248434238 0.1484375
14 0.7515657620041754 0.553125 0.1837160751565762 0.125
8 0.7849686847599165 0.4359375 0.14613778705636743 0.103125
8 0.8872651356993737 0.5390625 0.09812108559498957 0.0984375
13 0.9676409185803758 0.51171875 0.06471816283924843 0.0921875
8 0.9164926931106472 0.4578125 0.10647181628392484 0.0671875
15 0.9843423799582464 0.41640625 0.031315240083507306 0.1109375
1 0.9697286012526096 0.309375 0.060542797494780795 0.090625
8 0.8935281837160751 0.3453125 0.12734864300626306 0.140625
8 0.7473903966597077 0.3109375 0.15031315240083507 0.134375
1 0.8935281837160751 0.228125 0.10855949895615867 0.0765625
1 0.7599164926931107 0.2 0.13987473903966596 0.096875
1 0.9269311064718163 0.11875 0.14613778705636743 0.10625
1 0.988517745302714 0.028125 0.022964509394572025 0.05625
1 0.8580375782881002 0.040625 0.17954070981210857 0.0796875
1 0.5741127348643006 0.034375 0.21085594989561587 0.0671875
1 0.6367432150313153 0.109375 0.14613778705636743 0.121875
12 0.5281837160751566 0.284375 0.22338204592901878 0.1828125
8 0.31315240083507306 0.3796875 0.17118997912317327 0.128125
12 0.1315240083507307 0.3890625 0.20668058455114824 0.1609375
8 0.06263048016701461 0.084375 0.12317327766179541 0.11875
13 0.23173277661795408 0.1578125 0.22755741127348644 0.175
1 0.18789144050104384 0.2703125 0.14613778705636743 0.0984375
1 0.06263048016701461 0.2046875 0.09812108559498957 0.0921875
13 0.014613778705636743 0.3296875 0.029227557411273485 0.2046875
14 0.008350730688935281 0.18125 0.014613778705636743 0.103125