12 0.5469728601252609 0.0171875 0.23382045929018788 0.034375
1 0.19206680584551147 0.084375 0.14822546972860126 0.1234375
1 0.6388308977035491 0.2296875 0.1419624217118998 0.1109375
8 0.5281837160751566 0.16875 0.14822546972860126 0.153125
1 0.03549060542797495 0.0015625 0.0709812108559499 0.003125
8 0.04175365344467641 0.034375 0.081419624217119 0.0640625
13 0.05636743215031315 0.20625 0.11064718162839249 0.1453125
8 0.020876826722338204 0.109375 0.03966597077244259 0.0953125
14 0.23173277661795408 0.7078125 0.302713987473904 0.2484375
8 0.21920668058455114 0.4203125 0.13778705636743216 0.1046875
1 0.4906054279749478 0.5421875 0.12526096033402923 0.096875
1 0.5532359081419624 0.4015625 0.0918580375782881 0.0859375
13 0.4384133611691023 0.4734375 0.1732776617954071 0.1203125
8 0.05636743215031315 0.975 0.1127348643006263 0.0484375
13 0.016701461377870562 0.6421875 0.031315240083507306 0.1859375
14 0.4342379958246347 0.35625 0.24634655532359082 0.1296875
14 0.34237995824634654 0.259375 0.22755741127348644 0.1390625
13 0.1315240083507307 0.3359375 0.2546972860125261 0.10625
15 0.006263048016701462 0.3953125 0.012526096033402923 0.1765625