0 0.051666666666666666 0.06793333333333333 0.10336666666666668 0.13583333333333333
0 0.24223333333333333 0.3317 0.22986666666666664 0.2242
0 0.5738333333333333 0.33536666666666665 0.21616666666666665 0.22636666666666666
0 0.8991 0.031966666666666664 0.20176666666666668 0.06393333333333333
0 0.19593333333333335 0.5574 0.19713333333333333 0.20206666666666664
0 0.2997666666666667 0.6284333333333333 0.17743333333333333 0.18343333333333334
0 0.38383333333333336 0.7066333333333333 0.20146666666666666 0.22936666666666666
0 0.6198 0.6804666666666667 0.185 0.17813333333333334
0 0.6733333333333333 0.8544333333333333 0.20323333333333332 0.19103333333333333
0 0.7626333333333333 0.45330000000000004 0.2126 0.1956
0 0.8038666666666666 0.5471666666666667 0.18906666666666666 0.1731