8 0.9311064718162839 0.3171875 0.11691022964509394 0.1171875
8 0.9906054279749478 0.29140625 0.018789144050104383 0.1046875
13 0.9352818371607515 0.575 0.12943632567849686 0.16875
8 0.8162839248434238 0.53125 0.12526096033402923 0.1015625
1 0.7620041753653445 0.340625 0.11691022964509394 0.078125
1 0.6722338204592901 0.46875 0.11691022964509394 0.1140625
1 0.7807933194154488 0.4453125 0.07724425887265135 0.0671875
1 0.8663883089770354 0.459375 0.07933194154488518 0.0578125
8 0.8413361169102297 0.4015625 0.15031315240083507 0.059375
1 0.8789144050104384 0.178125 0.12943632567849686 0.096875
8 0.7244258872651357 0.1171875 0.1544885177453027 0.1109375
1 0.954070981210856 0.9984375 0.0918580375782881 0.003125
1 0.12108559498956159 0.4578125 0.162839248434238 0.1109375
1 0.014613778705636743 0.4 0.027139874739039668 0.1046875
1 0.060542797494780795 0.9296875 0.11899791231732777 0.103125
1 0.08559498956158663 0.8203125 0.13569937369519833 0.0921875
1 0.020876826722338204 0.7734375 0.04175365344467641 0.0734375
1 0.054279749478079335 0.7453125 0.10855949895615867 0.0546875
14 0.04801670146137787 0.675 0.09394572025052192 0.109375
12 0.07306889352818371 0.575 0.1440501043841336 0.0796875
1 0.15866388308977036 0.703125 0.1336116910229645 0.0828125
1 0.2755741127348643 0.6203125 0.12317327766179541 0.0953125
1 0.4613778705636743 0.5875 0.15657620041753653 0.115625
1 0.35281837160751567 0.959375 0.10855949895615867 0.0796875
12 0.5678496868475992 0.7765625 0.20876826722338204 0.184375
1 0.09394572025052192 0.1640625 0.1732776617954071 0.1359375
1 0.33194154488517746 0.4546875 0.12526096033402923 0.1
1 0.430062630480167 0.490625 0.06471816283924843 0.0546875
1 0.4989561586638831 0.4015625 0.11691022964509394 0.08125
1 0.40083507306889354 0.35625 0.10855949895615867 0.0734375
1 0.29227557411273486 0.33125 0.12943632567849686 0.09375
1 0.3903966597077244 0.2765625 0.1127348643006263 0.0828125
1 0.5260960334029228 0.1125 0.12943632567849686 0.109375
1 0.4906054279749478 0.2109375 0.09603340292275574 0.0671875
1 0.5219206680584552 0.2734375 0.08559498956158663 0.0609375
1 0.6137787056367432 0.2875 0.0918580375782881 0.084375
1 0.5636743215031316 0.2296875 0.081419624217119 0.0671875
1 0.755741127348643 0.240625 0.10020876826722339 0.0859375
8 0.6638830897703549 0.19375 0.13778705636743216 0.0625