1 0.13987473903966596 0.78125 0.16075156576200417 0.103125
1 0.027139874739039668 0.634375 0.054279749478079335 0.0984375
1 0.08768267223382047 0.678125 0.0709812108559499 0.0515625
1 0.05219206680584551 0.540625 0.1022964509394572 0.078125
1 0.1524008350730689 0.58125 0.10438413361169102 0.0859375
1 0.05219206680584551 0.45625 0.10438413361169102 0.08125
1 0.17118997912317327 0.2828125 0.12943632567849686 0.096875
1 0.267223382045929 0.4640625 0.10020876826722339 0.08125
1 0.13778705636743216 0.3859375 0.10438413361169102 0.078125
1 0.17745302713987474 0.459375 0.1022964509394572 0.078125
1 0.21920668058455114 0.409375 0.08559498956158663 0.065625
8 0.31315240083507306 0.3640625 0.13987473903966596 0.075
8 0.3862212943632568 0.275 0.14822546972860126 0.128125
1 0.4154488517745303 0.409375 0.12317327766179541 0.075
1 0.5365344467640919 0.3484375 0.12734864300626306 0.0921875
12 0.9175365344467641 0.35 0.1649269311064718 0.13125
1 0.8643006263048016 0.4640625 0.12943632567849686 0.0875
8 0.5991649269311065 0.4859375 0.10647181628392484 0.1078125
8 0.7098121085594989 0.4578125 0.12526096033402923 0.103125
1 0.9018789144050104 0.640625 0.11064718162839249 0.0875
12 0.7640918580375783 0.5890625 0.17745302713987474 0.1421875
1 0.8016701461377871 0.7578125 0.1544885177453027 0.1015625
13 0.6179540709812108 0.75 0.1544885177453027 0.178125
8 0.48434237995824636 0.7140625 0.11691022964509394 0.1234375
1 0.33402922755741127 0.6484375 0.12734864300626306 0.109375
1 0.4321503131524008 0.5171875 0.12526096033402923 0.0796875
13 0.49478079331941544 0.6015625 0.2045929018789144 0.1078125
1 0.23382045929018788 0.934375 0.18580375782881003 0.13125
8 0.9937369519832986 0.9640625 0.012526096033402923 0.0703125