8 0.9989561586638831 0.6234375 0.0020876826722338203 0.096875
1 0.8121085594989561 0.15625 0.1419624217118998 0.115625
8 0.5177453027139874 0.0734375 0.20876826722338204 0.146875
8 0.09394572025052192 0.01875 0.18580375782881003 0.0375
1 0.9331941544885177 0.5171875 0.12526096033402923 0.0875
12 0.8956158663883089 0.6359375 0.20876826722338204 0.1265625
8 0.19206680584551147 0.34375 0.12108559498956159 0.15625
1 0.31106471816283926 0.3046875 0.1127348643006263 0.103125
1 0.3068893528183716 0.40625 0.12108559498956159 0.09375
1 0.6617954070981211 0.34375 0.12943632567849686 0.096875
12 0.9384133611691023 0.40390625 0.12317327766179541 0.1484375
8 0.81419624217119 0.3328125 0.12317327766179541 0.1125
1 0.826722338204593 0.446875 0.08977035490605428 0.0890625
1 0.7432150313152401 0.446875 0.06889352818371608 0.075
13 0.18997912317327767 0.1421875 0.24634655532359082 0.2046875
13 0.4989561586638831 0.375 0.2045929018789144 0.16875
14 0.6367432150313153 0.5703125 0.2839248434237996 0.2171875