12 0.1941544885177453 0.96875 0.3695198329853862 0.0625
8 0.430062630480167 0.7875 0.22129436325678498 0.209375
8 0.22755741127348644 0.578125 0.29227557411273486 0.1796875
1 0.022964509394572025 0.5125 0.04592901878914405 0.1515625
1 0.04592901878914405 0.403125 0.0918580375782881 0.1609375
1 0.36116910229645094 0.21875 0.24634655532359082 0.165625
8 0.9488517745302714 0.03203125 0.1022964509394572 0.0640625
1 0.8121085594989561 0.040625 0.17536534446764093 0.0796875
1 0.524008350730689 0.3875 0.19624217118997914 0.1375
1 0.5052192066805845 0.5453125 0.21085594989561587 0.140625
8 0.524008350730689 0.0484375 0.2254697286012526 0.096875
8 0.2755741127348643 0.0046875 0.2588726513569937 0.0078125
8 0.04592901878914405 0.1765625 0.0918580375782881 0.134375
12 0.060542797494780795 0.034375 0.12108559498956159 0.0671875