8 0.975991649269311 0.02265625 0.04801670146137787 0.0453125
1 0.7682672233820459 0.059375 0.1419624217118998 0.1046875
12 0.6430062630480167 0.14375 0.16910229645093947 0.115625
1 0.7640918580375783 0.2140625 0.12734864300626306 0.1046875
14 0.5386221294363257 0.265625 0.2609603340292276 0.1453125
1 0.4592901878914405 0.4234375 0.12108559498956159 0.0765625
1 0.35073068893528186 0.54375 0.12943632567849686 0.065625
8 0.5636743215031316 0.4546875 0.11691022964509394 0.1140625
1 0.6388308977035491 0.3828125 0.13778705636743216 0.0796875
13 0.05010438413361169 0.5125 0.09812108559498957 0.0921875
16 0.23799582463465555 0.384375 0.20876826722338204 0.175
15 0.06889352818371608 0.4171875 0.13569937369519833 0.1109375
8 0.3235908141962422 0.16875 0.17118997912317327 0.1609375
13 0.1336116910229645 0.1890625 0.18162839248434237 0.2015625
1 0.027139874739039668 0.309375 0.054279749478079335 0.090625
1 0.0041753653444676405 0.11875 0.006263048016701462 0.10625
1 0.05219206680584551 0.028125 0.10438413361169102 0.05625
1 0.12943632567849686 0.0140625 0.13778705636743216 0.0265625