1 0.0041753653444676405 0.1890625 0.006263048016701462 0.1421875
1 0.08768267223382047 0.740625 0.17536534446764093 0.196875
1 0.2150313152400835 0.921875 0.22964509394572025 0.15625
1 0.4718162839248434 0.9109375 0.22964509394572025 0.178125
1 0.4780793319415449 0.7375 0.2985386221294363 0.1921875
1 0.9352818371607515 0.9515625 0.12943632567849686 0.0953125
1 0.615866388308977 0.0109375 0.18162839248434237 0.0203125
1 0.9112734864300627 0.03359375 0.17745302713987474 0.0671875
8 0.8350730688935282 0.190625 0.2359081419624217 0.1515625
13 0.9217118997912317 0.44140625 0.15657620041753653 0.3265625
8 0.17118997912317327 0.5125 0.22338204592901878 0.15
1 0.2776617954070981 0.3953125 0.18580375782881003 0.146875
1 0.4405010438413361 0.5421875 0.19832985386221294 0.1484375
8 0.42379958246346555 0.24375 0.3068893528183716 0.228125
12 0.18162839248434237 0.128125 0.36116910229645094 0.2546875